39 5 77516 0 13 2 8 3 0 1 2174 0 40 0 -1
50 1 83311 0 13 0 4 2 0 1 0 0 13 0 -1
38 0 215646 3 9 1 6 3 0 1 0 0 40 0 -1
53 0 234721 2 7 0 6 2 4 1 0 0 40 0 -1
28 0 338409 0 13 0 5 0 4 0 0 0 40 9 -1
37 0 284582 10 14 0 4 0 0 0 0 0 40 0 -1
49 0 160187 7 5 5 2 3 4 0 0 0 16 15 -1
52 1 209642 3 9 0 4 2 0 1 0 0 45 0 1
31 0 45781 10 14 2 5 3 0 0 14084 0 50 0 1
42 0 159449 0 13 0 4 2 0 1 5178 0 40 0 1
37 0 280464 1 10 0 4 2 4 1 0 0 80 0 1
30 5 141297 0 13 0 5 2 1 1 0 0 40 5 1
23 0 122272 0 13 2 8 1 0 0 0 0 30 0 -1
32 0 205019 5 12 2 3 3 4 1 0 0 50 0 -1
40 0 121772 6 11 0 1 2 1 1 0 0 40 ? 1
34 0 245487 8 4 0 10 2 2 1 0 0 45 16 -1
25 1 176756 3 9 2 9 1 0 1 0 0 35 0 -1
32 0 186824 3 9 2 7 5 0 1 0 0 40 0 -1
38 0 28887 2 7 0 3 2 0 1 0 0 50 0 -1
43 1 292175 10 14 1 4 5 0 0 0 0 45 0 1
40 0 193524 13 16 0 5 2 0 1 0 0 60 0 1
54 0 302146 3 9 3 2 5 4 0 0 0 20 0 -1
35 3 76845 7 5 0 9 2 4 1 0 0 40 0 -1
43 0 117037 2 7 0 10 2 0 1 0 2042 40 0 -1
59 0 109015 3 9 1 0 5 0 0 0 0 40 0 -1
56 4 216851 0 13 0 0 2 0 1 0 0 40 0 1
19 0 168294 3 9 2 1 1 0 1 0 0 40 0 -1
54 ? 180211 1 10 0 ? 2 1 1 0 0 60 7 1
39 0 367260 3 9 1 4 3 0 1 0 0 80 0 -1
49 0 193366 3 9 0 1 2 0 1 0 0 40 0 -1
23 4 190709 5 12 2 12 3 0 1 0 0 52 0 -1
20 0 266015 1 10 2 3 1 4 1 0 0 44 0 -1
45 0 386940 0 13 1 4 1 0 1 0 1408 40 0 -1
30 3 59951 1 10 0 8 1 0 1 0 0 40 0 -1
22 5 311512 1 10 0 2 2 4 1 0 0 15 0 -1
48 0 242406 2 7 2 7 5 0 1 0 0 40 3 -1
21 0 197200 1 10 2 7 1 0 1 0 0 40 0 -1
19 0 544091 3 9 6 8 0 0 0 0 0 25 0 -1
31 0 84154 1 10 0 3 2 0 1 0 0 38 ? 1
48 1 265477 5 12 0 5 2 0 1 0 0 40 0 -1
31 0 507875 7 5 0 7 2 0 1 0 0 43 0 -1
53 1 88506 0 13 0 5 2 0 1 0 0 40 0 -1
24 0 172987 0 13 0 0 2 0 1 0 0 50 0 -1
49 0 94638 3 9 3 8 5 0 0 0 0 40 0 -1
25 0 289980 3 9 2 6 3 0 1 0 0 35 0 -1
57 3 337895 0 13 0 5 2 4 1 0 0 40 0 1
53 0 144361 3 9 0 7 2 0 1 0 0 38 0 -1
44 0 128354 10 14 1 4 5 0 0 0 0 40 0 -1
41 5 101603 6 11 0 1 2 0 1 0 0 40 0 -1
29 0 271466 6 11 2 5 3 0 1 0 0 43 0 -1
25 0 32275 1 10 0 4 0 3 0 0 0 40 0 -1
18 0 226956 3 9 2 2 1 0 0 0 0 30 ? -1
47 0 51835 4 15 0 5 0 0 0 0 1902 60 11 1
50 3 251585 0 13 1 4 3 0 1 0 0 55 0 1
47 2 109832 3 9 1 4 3 0 1 0 0 60 0 -1
43 0 237993 1 10 0 0 2 0 1 0 0 40 0 1
46 0 216666 14 3 0 7 2 0 1 0 0 40 16 -1
35 0 56352 6 11 0 2 2 0 1 0 0 40 3 -1
41 0 147372 3 9 0 8 2 0 1 0 0 48 0 -1
30 0 188146 3 9 0 7 2 0 1 5013 0 40 0 -1
30 0 59496 0 13 0 3 2 0 1 2407 0 40 0 -1
32 ? 293936 8 4 5 ? 3 0 1 0 0 40 ? -1
48 0 149640 3 9 0 10 2 0 1 0 0 40 0 -1
42 0 116632 13 16 0 5 2 0 1 0 0 45 0 1
29 0 105598 1 10 1 0 3 0 1 0 0 58 0 -1
36 0 155537 3 9 0 1 2 0 1 0 0 40 0 -1
28 0 183175 1 10 1 8 3 0 0 0 0 40 0 -1
53 0 169846 3 9 0 8 0 0 0 0 0 40 0 1
49 2 191681 1 10 0 4 2 0 1 0 0 50 0 1
25 ? 200681 1 10 2 ? 1 0 1 0 0 40 0 -1
19 0 101509 1 10 2 5 1 0 1 0 0 32 0 -1
31 0 309974 0 13 3 3 1 4 0 0 0 40 0 -1
29 1 162298 0 13 0 3 2 0 1 0 0 70 0 1
23 0 211678 1 10 2 7 3 0 1 0 0 40 0 -1
79 0 124744 1 10 0 5 4 0 1 0 0 20 0 -1
27 0 213921 3 9 2 2 1 0 1 0 0 40 16 -1
40 0 32214 5 12 0 8 2 0 1 0 0 40 0 -1
67 ? 212759 12 6 0 ? 2 0 1 0 0 2 0 -1
18 0 309634 2 7 2 2 1 0 0 0 0 22 0 -1
31 4 125927 8 4 0 9 2 0 1 0 0 40 0 -1
18 0 446839 3 9 2 3 3 0 1 0 0 30 0 -1
52 0 276515 0 13 0 2 2 0 1 0 0 40 9 -1
46 0 51618 3 9 0 2 0 0 0 0 0 40 0 -1
59 0 159937 3 9 0 3 2 0 1 0 0 48 0 -1
44 0 343591 3 9 1 1 3 0 0 14344 0 40 0 1
53 0 346253 3 9 1 3 1 0 0 0 0 35 0 -1
49 4 268234 3 9 0 12 2 0 1 0 0 40 0 1
33 0 202051 10 14 0 5 2 0 1 0 0 50 0 -1
30 0 54334 7 5 2 3 3 0 1 0 0 40 0 -1
43 3 410867 13 16 2 5 3 0 0 0 0 50 0 1
57 0 249977 6 11 0 5 2 0 1 0 0 40 0 -1
37 0 286730 1 10 1 1 5 0 0 0 0 40 0 -1
28 0 212563 1 10 1 7 5 4 0 0 0 25 0 -1
30 0 117747 3 9 0 3 0 1 0 0 1573 35 ? -1
34 4 226296 0 13 0 12 2 0 1 0 0 40 0 1
29 4 115585 1 10 2 6 3 0 1 0 0 50 0 -1
48 1 191277 13 16 0 5 2 0 1 0 1902 60 0 1
37 0 202683 1 10 0 3 2 0 1 0 0 48 0 1
48 0 171095 5 12 1 4 5 0 0 0 0 40 2 -1
32 3 249409 3 9 2 2 1 4 1 0 0 40 0 -1
76 0 124191 10 14 0 4 2 0 1 0 0 40 0 1
44 0 198282 0 13 0 4 2 0 1 15024 0 60 0 1
47 1 149116 10 14 2 5 3 0 0 0 0 50 0 -1
20 0 188300 1 10 2 0 1 0 0 0 0 40 0 -1
29 0 103432 3 9 2 1 3 0 1 0 0 40 0 -1
32 2 317660 3 9 0 1 2 0 1 7688 0 40 0 1
17 ? 304873 12 6 2 ? 1 0 0 34095 0 32 0 -1
30 0 194901 2 7 2 6 1 0 1 0 0 40 0 -1
31 4 189265 3 9 2 8 3 0 0 0 0 40 0 -1
42 0 124692 3 9 0 6 2 0 1 0 0 40 0 -1
24 0 432376 0 13 2 3 4 0 1 0 0 40 0 -1
38 0 65324 4 15 0 5 2 0 1 0 0 40 0 1
56 1 335605 3 9 0 2 2 0 1 0 1887 50 4 1
28 0 377869 1 10 0 3 0 0 0 4064 0 25 0 -1
36 0 102864 3 9 2 7 1 0 0 0 0 40 0 -1
53 0 95647 7 5 0 6 2 0 1 0 0 50 0 -1
56 2 303090 1 10 0 3 2 0 1 0 0 50 0 -1
49 4 197371 6 11 0 1 2 4 1 0 0 40 0 1
55 0 247552 1 10 0 3 2 0 1 0 0 56 0 -1
22 0 102632 3 9 2 1 3 0 1 0 0 41 0 -1
21 0 199915 1 10 2 2 1 0 0 0 0 40 0 -1
40 0 118853 0 13 0 4 2 0 1 0 0 60 0 -1
30 0 77143 0 13 2 4 1 4 1 0 0 40 5 -1
29 5 267989 0 13 0 5 2 0 1 0 0 50 0 1
19 0 301606 1 10 2 2 1 4 1 0 0 35 0 -1
47 0 287828 0 13 0 4 0 0 0 0 0 40 0 1
20 0 111697 1 10 2 8 1 0 0 0 1719 28 0 -1
31 0 114937 5 12 0 8 2 0 1 0 0 40 0 1
35 ? 129305 3 9 0 ? 2 0 1 0 0 40 0 -1
39 0 365739 1 10 1 1 3 0 1 0 0 40 0 -1
28 0 69621 5 12 2 3 3 0 0 0 0 60 0 -1
24 0 43323 3 9 2 2 3 0 0 0 1762 40 0 -1
38 1 120985 3 9 0 1 2 0 1 4386 0 35 0 -1
37 0 254202 0 13 0 3 2 0 1 0 0 50 0 -1
46 0 146195 5 12 1 0 3 4 0 0 0 36 0 -1
38 3 125933 10 14 0 5 2 0 1 0 0 40 10 1
43 1 56920 3 9 0 1 2 0 1 0 0 60 0 -1
27 0 163127 6 11 0 8 0 0 0 0 0 35 0 -1
20 0 34310 1 10 2 3 1 0 1 0 0 20 0 -1
49 0 81973 1 10 0 1 2 1 1 0 0 40 0 1
61 2 66614 3 9 0 1 2 0 1 0 0 40 0 -1
27 0 232782 1 10 2 3 1 0 0 0 0 40 0 -1
19 0 316868 1 10 2 2 1 0 1 0 0 30 16 -1
45 0 196584 6 11 2 5 3 0 0 0 1564 40 0 1
70 0 105376 1 10 2 0 4 0 1 0 0 40 0 -1
31 0 185814 3 9 2 10 5 4 0 0 0 30 0 -1
22 0 175374 1 10 0 2 2 0 1 0 0 24 0 -1
36 0 108293 3 9 4 2 5 0 0 0 0 24 0 -1
64 0 181232 2 7 0 1 2 0 1 0 2179 40 0 -1
43 ? 174662 1 10 1 ? 3 0 0 0 0 40 0 -1
47 4 186009 1 10 1 8 5 0 0 0 0 38 16 -1
34 0 198183 3 9 2 8 3 0 0 0 0 40 0 -1
33 0 163003 0 13 2 4 4 1 0 0 0 40 12 -1
21 0 296158 3 9 2 1 1 0 1 0 0 35 0 -1
52 ? 252903 3 9 1 ? 3 0 1 0 0 45 0 1
48 0 187715 3 9 0 1 2 0 1 0 0 46 0 -1
23 0 214542 0 13 2 6 3 0 1 0 0 40 0 -1
71 1 494223 1 10 3 3 5 4 1 0 1816 2 0 -1
29 0 191535 3 9 1 1 3 0 1 0 0 60 0 -1
42 0 228456 0 13 3 2 4 4 1 0 0 50 0 -1
68 ? 38317 11 2 1 ? 3 0 0 0 0 20 0 -1
25 0 252752 3 9 2 2 5 0 0 0 0 40 0 -1
44 2 78374 10 14 1 4 5 1 0 0 0 40 0 -1
28 0 88419 3 9 2 4 3 1 0 0 0 40 2 -1
45 1 201080 10 14 0 3 2 0 1 0 0 40 0 1
36 0 207157 1 10 1 2 5 0 0 0 0 40 16 -1
39 3 235485 5 12 2 4 3 0 1 0 0 42 0 -1
46 5 102628 10 14 4 12 5 0 1 0 0 40 0 -1
18 0 25828 2 7 2 6 1 0 1 0 0 16 0 -1
66 4 54826 6 11 4 5 3 0 0 0 0 20 0 -1
27 0 124953 3 9 2 2 3 0 1 0 1980 40 0 -1
28 5 175325 3 9 0 12 2 0 1 0 0 40 0 -1
51 0 96062 1 10 0 3 2 0 1 0 1977 40 0 1
27 0 428030 0 13 2 1 3 0 1 0 0 50 0 -1
28 5 149624 0 13 0 5 2 0 1 0 0 40 0 1
27 0 253814 3 9 5 3 5 0 0 0 0 25 0 -1
21 0 312956 3 9 2 1 1 4 1 0 0 40 0 -1
34 0 483777 3 9 2 6 3 4 1 0 0 40 0 -1
18 0 183930 3 9 2 2 1 0 1 0 0 12 0 -1
33 0 37274 0 13 0 5 2 0 1 0 0 65 0 -1
44 4 181344 1 10 0 4 2 4 1 0 0 38 0 1
43 0 114580 1 10 1 8 3 0 0 0 0 40 0 -1
30 0 633742 1 10 2 1 3 4 1 0 0 45 0 -1
40 0 286370 8 4 0 7 2 0 1 0 0 40 16 1
37 3 29054 1 10 0 8 2 0 1 0 0 42 0 1
34 0 304030 3 9 0 8 2 4 1 0 0 40 0 -1
41 1 143129 0 13 1 4 3 0 0 0 0 40 0 -1
53 ? 135105 0 13 1 ? 3 0 0 0 0 50 0 -1
31 0 99928 10 14 0 5 0 0 0 0 0 50 0 -1
58 5 109567 13 16 0 5 2 0 1 0 0 1 0 1
38 0 155222 1 10 1 7 3 4 0 0 0 28 0 -1
24 0 159567 1 10 0 7 2 0 1 0 0 40 0 -1
41 4 523910 0 13 0 1 2 4 1 0 0 40 0 -1
47 0 120939 1 10 0 0 2 0 1 0 0 45 0 -1
41 3 130760 0 13 0 0 2 0 1 0 0 24 0 -1
23 0 197387 14 3 0 10 4 0 1 0 0 40 16 -1
36 0 99374 1 10 1 1 3 0 1 0 0 40 0 -1
40 3 56795 10 14 2 4 3 0 0 14084 0 55 0 1
35 0 138992 10 14 0 5 4 0 1 7298 0 40 0 1
24 1 32921 3 9 2 3 3 0 1 0 0 40 0 -1
26 0 397317 10 14 2 5 3 0 0 0 1876 40 0 -1
19 ? 170653 3 9 2 ? 1 0 1 0 0 40 13 -1
51 0 259323 0 13 0 4 2 0 1 0 0 50 0 1
42 4 254817 1 10 2 5 3 0 0 0 1340 40 0 -1
37 5 48211 3 9 1 8 5 0 0 0 0 35 0 -1
18 0 140164 2 7 2 3 1 0 0 0 0 40 0 -1
36 0 128757 0 13 0 2 2 4 1 7298 0 36 0 1
35 0 36270 3 9 1 1 3 0 1 0 0 60 0 -1
58 2 210563 3 9 0 3 0 0 0 15024 0 35 0 1
17 0 65368 2 7 2 3 1 0 0 0 0 12 0 -1
44 4 160943 3 9 0 10 2 4 1 0 0 40 0 -1
37 0 208358 3 9 0 1 2 0 1 0 0 40 0 1
35 0 153790 1 10 2 3 3 2 0 0 0 40 0 -1
60 0 85815 3 9 0 1 2 1 1 0 0 40 0 -1
54 2 125417 8 4 0 7 2 0 1 0 0 40 0 1
37 0 635913 0 13 2 4 3 4 1 0 0 60 0 1
50 0 313321 5 12 1 3 3 0 0 0 0 40 0 -1
38 0 182609 0 13 0 3 2 0 1 0 0 50 14 -1
45 0 109434 0 13 0 5 2 0 1 0 0 55 0 -1
25 0 255004 12 6 2 1 3 0 1 0 0 40 0 -1
31 0 197860 1 10 0 6 2 0 1 0 0 40 0 -1
64 ? 187656 11 2 1 ? 3 0 1 0 0 40 0 -1
90 0 51744 3 9 2 2 3 4 1 0 2206 40 0 -1
54 0 176681 3 9 0 8 2 4 1 0 0 20 0 -1
53 4 140359 15 1 2 7 3 0 0 0 0 35 0 -1
18 0 243313 3 9 2 3 1 0 0 0 0 40 0 -1
60 ? 24215 12 6 1 ? 3 2 0 0 0 10 0 -1
66 1 167687 3 9 0 9 2 0 1 1409 0 50 0 -1
75 0 314209 6 11 4 8 3 0 0 0 0 20 25 -1
65 0 176796 3 9 1 8 3 0 0 0 0 40 0 -1
35 0 538583 2 7 3 10 3 4 1 3674 0 40 0 -1
41 0 130408 3 9 1 3 5 4 0 0 0 38 0 -1
25 0 159732 1 10 2 8 3 0 1 0 0 42 0 -1
33 0 110978 1 10 1 1 4 3 0 0 0 40 0 -1
28 0 76714 4 15 2 5 3 0 1 0 0 55 0 1
59 5 268700 3 9 0 2 2 0 1 0 0 40 0 -1
40 5 170525 1 10 2 8 3 0 0 0 0 38 0 -1
41 0 180138 0 13 0 4 2 0 1 0 0 50 10 1
38 4 115076 10 14 0 4 2 0 1 0 0 70 0 1
23 0 115458 3 9 2 10 1 0 1 0 0 40 0 -1
40 0 347890 0 13 0 5 2 0 1 0 0 40 0 1
41 1 196001 3 9 0 2 0 0 0 0 0 20 0 -1
24 5 273905 5 12 0 12 2 0 1 0 0 50 0 -1
20 ? 119156 1 10 2 ? 1 0 1 0 0 20 0 -1
38 0 179488 1 10 1 1 3 0 1 0 1741 40 0 -1
56 0 203580 3 9 0 8 2 0 1 0 0 35 ? -1
58 0 236596 3 9 0 8 2 0 1 0 0 45 0 1
32 0 183916 3 9 2 2 3 0 0 0 0 34 0 -1
40 0 207578 5 12 0 0 2 0 1 0 1977 60 0 1
45 0 153141 3 9 0 8 2 0 1 0 0 40 ? -1
41 0 112763 4 15 0 5 0 0 0 0 0 40 0 1
42 0 390781 0 13 0 8 0 4 0 0 0 40 0 -1
59 4 171328 12 6 4 2 5 4 0 0 0 30 0 -1
19 4 27382 1 10 2 8 1 0 1 0 0 40 0 -1
58 0 259014 1 10 2 10 3 0 1 0 0 20 0 -1
42 1 303044 3 9 0 9 2 1 1 0 0 40 1 1
20 0 117789 3 9 2 2 1 0 0 0 0 40 0 -1
32 0 172579 3 9 3 2 3 0 0 0 0 30 0 -1
45 0 187666 6 11 4 4 3 0 0 0 0 45 0 -1
50 0 204518 8 4 1 1 3 0 1 0 0 40 0 -1
36 0 150042 0 13 1 5 1 0 0 0 0 40 0 -1
45 0 98092 3 9 0 3 2 0 1 0 0 60 0 -1
17 0 245918 2 7 2 2 1 0 1 0 0 12 0 -1
59 0 146013 1 10 0 3 2 0 1 4064 0 40 0 -1
26 0 378322 2 7 0 1 2 0 1 0 0 40 0 -1
37 2 257295 1 10 0 4 2 1 1 0 0 75 27 1
19 ? 218956 1 10 2 ? 1 0 1 0 0 24 4 -1
64 0 21174 3 9 0 4 2 0 1 0 0 40 0 1
33 0 185480 0 13 2 5 3 0 0 0 0 45 0 -1
33 0 222205 3 9 0 1 0 0 0 0 0 40 0 1
61 0 69867 3 9 0 4 2 0 1 0 0 40 0 1
17 0 191260 7 5 2 2 1 0 1 1055 0 24 0 -1
50 1 30653 10 14 0 9 2 0 1 2407 0 98 0 -1
27 4 209109 10 14 2 5 1 0 1 0 0 35 0 -1
30 0 70377 3 9 1 5 1 0 0 0 0 40 0 -1
43 0 477983 3 9 0 6 2 4 1 0 0 40 0 -1
44 0 170924 1 10 0 1 2 0 1 7298 0 40 0 1
35 0 190174 1 10 2 4 3 0 0 0 0 40 0 -1
25 0 193787 1 10 2 0 1 0 0 0 0 40 0 -1
24 0 279472 1 10 0 7 0 0 0 7298 0 48 0 1
22 0 34918 0 13 2 5 3 0 0 0 0 15 5 -1
42 4 97688 1 10 0 1 2 0 1 5178 0 40 0 1
34 0 175413 5 12 1 3 5 4 0 0 0 45 0 -1
60 0 173960 0 13 1 5 3 0 0 0 0 42 0 -1
21 0 205759 3 9 2 6 1 0 1 0 0 40 0 -1
57 3 425161 10 14 0 3 2 0 1 15024 0 40 0 1
41 0 220531 4 15 0 5 2 0 1 0 0 60 0 1
50 0 176609 1 10 1 2 3 0 1 0 0 45 0 -1
25 0 371987 0 13 2 4 3 0 0 0 0 40 0 -1
50 0 193884 8 4 0 1 2 0 1 0 0 40 22 -1
36 0 200352 0 13 0 5 2 0 1 0 0 45 0 -1
31 0 127595 3 9 1 5 3 0 0 0 0 40 0 -1
29 4 220419 0 13 2 12 3 0 1 0 0 56 0 -1
21 0 231931 1 10 2 3 1 0 1 0 0 45 0 -1
27 0 248402 0 13 2 0 5 4 0 0 0 40 0 -1
65 0 111095 3 9 0 10 2 0 1 0 0 16 0 -1
37 2 57424 0 13 1 3 3 0 0 0 0 60 0 -1
39 ? 157443 10 14 0 ? 0 1 0 3464 0 40 ? -1
24 0 278130 3 9 2 1 1 0 1 0 0 40 0 -1
38 0 169469 3 9 1 3 3 0 1 0 0 80 0 -1
48 0 146268 0 13 0 8 2 0 1 7688 0 40 0 1
21 0 153718 1 10 2 2 3 1 0 0 0 25 0 -1
31 0 217460 3 9 0 10 2 0 1 0 0 45 0 1
55 0 238638 3 9 0 3 2 0 1 4386 0 40 0 1
24 0 303296 1 10 0 8 0 1 0 0 0 40 21 -1
43 0 173321 3 9 1 8 3 0 0 0 0 40 0 -1
26 0 193945 5 12 2 0 3 0 1 0 0 45 0 -1
46 0 83082 5 12 2 5 3 0 0 0 0 33 0 -1
35 0 193815 5 12 0 8 2 0 1 0 0 40 0 1
41 2 34987 1 10 0 9 2 0 1 0 0 54 0 1
26 0 59306 0 13 2 3 3 0 1 0 0 40 0 -1
34 0 142897 10 14 0 4 2 1 1 7298 0 35 23 1
19 ? 860348 1 10 2 ? 1 4 0 0 0 25 0 -1
36 1 205607 0 13 1 5 3 4 0 0 0 40 0 1
22 0 199698 1 10 2 3 1 0 1 0 0 15 0 -1
24 0 191954 1 10 2 7 3 0 1 0 0 40 0 -1
77 1 138714 1 10 0 3 2 0 1 0 0 40 0 -1
22 0 399087 14 3 0 7 4 0 0 0 0 40 16 -1
29 0 423158 1 10 2 0 3 0 0 0 0 40 0 -1
62 0 159841 3 9 4 2 3 0 0 0 0 24 0 -1
39 1 174308 3 9 0 4 2 0 1 0 0 40 0 -1
43 0 50356 1 10 0 1 2 0 1 0 1485 50 0 -1
35 0 186110 3 9 1 10 3 0 1 0 0 45 0 -1
29 0 200381 2 7 2 4 3 0 0 0 0 40 0 -1
76 1 174309 10 14 0 1 2 0 1 0 0 10 0 -1
63 1 78383 3 9 0 9 2 0 1 0 0 45 0 -1
23 ? 211601 6 11 2 ? 1 4 0 0 0 15 0 -1
43 0 187728 1 10 0 5 0 0 0 0 1887 50 0 1
58 1 321171 3 9 0 6 2 0 1 0 0 40 0 -1
66 0 127921 3 9 2 10 3 0 1 2050 0 55 0 -1
41 0 206565 1 10 2 1 3 4 1 0 0 45 0 -1
26 0 224563 0 13 2 8 3 0 1 0 0 40 0 -1
47 0 178686 6 11 2 2 3 0 1 0 0 40 0 -1
55 4 98545 12 6 0 8 2 0 1 0 0 40 0 -1
53 0 242606 3 9 0 10 2 0 1 0 0 40 0 -1
17 0 270942 14 3 2 2 4 0 1 0 0 48 16 -1
30 0 94235 3 9 2 1 4 0 1 0 0 40 0 -1
49 0 71195 10 14 2 5 3 0 1 0 0 60 0 -1
19 0 104112 3 9 2 3 5 4 1 0 0 30 24 -1
45 0 261192 3 9 0 2 2 4 1 0 0 40 0 -1
26 0 94936 5 12 2 3 3 0 1 0 0 40 0 -1
38 0 296478 6 11 0 1 2 0 1 7298 0 40 0 1
36 5 119272 3 9 0 12 2 0 1 7298 0 40 0 1
33 0 85043 3 9 2 9 3 0 1 0 0 20 0 -1
22 5 293364 1 10 2 12 1 4 0 0 0 40 0 -1
43 1 241895 0 13 2 3 3 0 1 0 0 42 0 -1
67 ? 36135 2 7 0 ? 2 0 1 0 0 8 0 -1
30 ? 151989 6 11 1 ? 5 0 0 0 0 40 0 -1
56 0 101128 5 12 5 2 3 0 1 0 0 25 10 -1
31 0 156464 0 13 2 5 1 0 1 0 0 25 0 -1
33 0 117963 0 13 0 4 2 0 1 0 0 40 0 1
26 0 192262 3 9 0 2 2 0 1 0 0 40 0 -1
33 0 111363 0 13 0 4 2 0 1 0 0 40 0 1
46 4 329752 2 7 0 10 2 0 1 0 0 30 0 -1
59 ? 372020 0 13 0 ? 2 0 1 0 0 40 0 1
38 3 95432 3 9 0 8 2 0 1 0 0 40 0 1
65 0 161400 2 7 4 2 5 3 1 0 0 40 0 -1
40 0 96129 6 11 0 0 2 0 1 0 0 40 0 1
42 0 111949 3 9 0 8 0 0 0 0 0 35 0 -1
26 1 117125 7 5 0 1 2 0 1 0 0 40 17 -1
36 0 348022 12 6 0 2 0 0 0 0 0 24 0 -1
62 0 270092 10 14 0 5 2 0 1 0 0 40 0 1
43 0 180609 0 13 0 10 2 0 1 0 0 45 0 -1
43 0 174575 0 13 1 4 3 0 1 0 1564 45 0 1
22 0 410439 3 9 5 3 3 0 1 0 0 55 0 -1
28 0 92262 3 9 0 1 2 0 1 0 0 40 0 -1
56 1 183081 1 10 0 3 2 0 1 0 0 45 0 -1
22 0 362589 5 12 2 3 3 0 0 0 0 15 0 -1
57 0 212448 0 13 1 4 3 0 0 0 0 45 0 1
39 0 481060 3 9 1 3 5 0 0 0 0 40 0 -1
26 3 185885 1 10 2 8 5 0 0 0 0 15 0 -1
17 0 89821 2 7 2 2 1 0 1 0 0 10 0 -1
40 5 184018 6 11 0 7 2 0 1 0 0 38 0 1
45 0 256649 3 9 0 7 2 4 1 0 0 40 0 -1
44 0 160323 3 9 2 1 3 4 1 0 0 40 0 -1
20 4 350845 1 10 2 8 1 0 0 0 0 10 0 -1
33 0 267404 3 9 0 1 0 0 0 0 0 40 0 -1
23 0 35633 1 10 2 3 3 0 1 0 0 40 0 -1
46 1 80914 10 14 1 4 3 0 1 0 0 30 0 -1
38 0 172927 3 9 0 3 2 0 1 0 0 50 0 -1
54 0 174319 3 9 1 10 3 0 1 0 0 40 0 -1
46 0 214955 14 3 1 1 3 0 0 0 2339 45 0 -1
25 0 344991 1 10 0 1 2 0 1 0 0 40 0 -1
46 0 108699 1 10 1 3 3 0 0 0 0 40 0 -1
36 4 117312 1 10 0 10 0 0 0 0 0 40 0 -1
23 0 396099 3 9 2 2 3 0 0 0 0 25 0 -1
29 0 134152 3 9 3 7 3 0 1 0 0 40 0 -1
44 0 162028 1 10 0 8 0 0 0 0 2415 6 0 1
19 0 25429 1 10 2 8 1 0 0 0 0 16 0 -1
19 0 232392 3 9 2 2 4 0 0 0 0 40 0 -1
35 0 220098 3 9 0 2 0 0 0 0 0 40 0 1
27 0 301302 0 13 2 1 3 0 1 0 0 50 0 -1
46 1 277946 5 12 3 1 3 0 1 0 0 40 0 -1
34 5 98101 0 13 0 4 2 0 1 7688 0 45 ? 1
34 0 196164 3 9 2 2 3 0 0 0 0 35 0 -1
44 0 115562 1 10 0 0 2 0 1 0 0 40 0 -1
45 0 96975 1 10 1 6 5 0 0 0 0 40 0 -1
20 ? 137300 3 9 2 ? 4 0 0 0 0 35 0 -1
25 0 86872 0 13 0 4 2 0 1 0 0 55 0 1
52 2 132178 0 13 0 4 2 0 1 0 0 50 0 1
20 0 416103 1 10 2 6 1 0 1 0 0 40 0 -1
28 0 108574 1 10 2 2 3 0 0 0 0 40 0 -1
50 5 288353 0 13 0 12 2 0 1 0 0 40 0 1
34 0 227689 6 11 1 0 3 0 0 0 0 64 0 -1
28 0 166481 8 4 0 6 2 3 1 0 2179 40 3 -1
41 0 445382 10 14 0 4 2 0 1 0 1977 65 0 1
28 0 110145 3 9 0 8 2 0 1 0 0 40 0 -1
46 1 317253 3 9 0 1 2 0 1 0 0 25 0 -1
28 ? 123147 1 10 0 ? 0 0 0 0 1887 40 0 1
32 0 364657 1 10 0 4 2 0 1 0 0 50 0 -1
41 4 42346 1 10 1 2 3 4 0 0 0 24 0 -1
24 0 241951 3 9 2 6 5 4 0 0 0 40 0 -1
33 0 118500 1 10 1 4 5 0 0 0 0 40 0 -1
46 0 188386 13 16 0 4 2 0 1 15024 0 60 0 1
31 5 1033222 1 10 0 7 2 0 1 0 0 40 0 -1
35 0 92440 9 8 1 1 3 0 1 0 0 50 0 1
52 0 190762 11 2 0 7 2 0 1 0 0 40 16 -1
30 0 426017 2 7 2 2 1 0 0 0 0 19 0 -1
34 4 243867 2 7 3 7 3 4 1 0 0 40 0 -1
34 5 240283 3 9 1 10 5 0 0 0 0 40 0 -1
20 0 61777 1 10 0 3 2 0 1 0 0 30 0 -1
17 0 175024 2 7 2 6 1 0 1 2176 0 18 0 -1
32 5 92003 0 13 0 4 0 0 0 0 0 40 0 1
29 0 188401 3 9 1 9 3 0 1 0 0 40 0 -1
33 0 228528 12 6 2 1 5 0 0 0 0 35 0 -1
25 0 133373 3 9 0 10 2 0 1 0 0 60 0 -1
36 3 255191 10 14 2 5 3 0 1 0 1408 40 0 -1
23 0 204653 3 9 2 6 3 0 1 0 0 72 19 -1
63 2 222289 3 9 0 4 2 0 1 0 0 40 0 1
47 4 287480 10 14 0 5 2 0 1 0 0 40 0 -1
80 ? 107762 3 9 4 ? 3 0 1 0 0 24 0 -1
17 ? 202521 2 7 2 ? 1 0 1 0 0 40 0 -1
40 1 204116 0 13 5 5 3 0 0 2174 0 40 0 -1
30 0 29662 5 12 0 2 0 0 0 0 0 25 0 1
27 0 116358 1 10 2 1 1 1 1 0 1980 40 12 -1
33 0 208405 10 14 0 5 2 0 1 0 0 50 0 1
34 4 284843 3 9 2 9 3 4 1 594 0 60 0 -1
34 4 117018 1 10 2 12 3 0 0 0 0 40 0 -1
23 0 81281 1 10 0 8 2 0 1 0 0 40 0 -1
42 4 340148 1 10 0 8 0 0 0 0 0 40 0 -1
29 0 363425 0 13 2 5 3 0 1 0 0 40 0 -1
45 0 45857 3 9 1 8 3 0 0 0 0 28 0 -1
24 3 191073 3 9 2 13 1 0 1 0 0 40 0 -1
44 0 116632 1 10 0 5 2 0 1 0 0 40 0 1
27 0 405855 7 5 2 1 4 0 1 0 0 40 16 -1
20 0 298227 1 10 2 3 3 0 1 0 0 35 0 -1
44 0 290521 3 9 4 4 5 4 0 0 0 40 0 -1
51 0 56915 3 9 0 1 2 2 1 0 0 40 0 -1
20 0 146538 3 9 0 7 2 0 1 0 0 40 0 -1
17 ? 258872 2 7 2 ? 1 0 0 0 0 5 0 -1
19 0 206399 3 9 2 7 1 4 0 0 0 40 0 -1
45 2 197332 1 10 0 1 2 0 1 0 0 55 0 1
60 0 245062 3 9 0 1 2 0 1 0 0 40 0 1
42 0 197583 5 12 0 4 2 4 1 0 0 40 ? 1
44 1 234885 3 9 0 3 0 0 0 0 0 40 0 1
40 0 72887 6 11 0 7 2 1 1 0 0 40 0 1
30 0 180374 3 9 0 4 0 0 0 0 0 40 0 -1
38 0 351299 1 10 0 10 2 4 1 0 0 50 0 -1
23 0 54012 3 9 0 10 2 0 1 0 0 60 0 -1
32 ? 115745 1 10 0 ? 2 0 1 0 0 40 0 -1
44 0 116632 5 12 2 9 1 0 1 0 0 40 0 -1
54 4 288825 3 9 0 10 2 4 1 0 0 40 0 -1
32 0 132601 0 13 0 5 2 0 1 0 0 50 0 -1
50 0 193374 11 2 5 1 5 0 1 0 0 40 0 -1
24 0 170070 0 13 2 0 3 0 0 0 0 20 0 -1
37 0 126708 3 9 0 8 0 0 0 0 0 60 0 -1
52 0 35598 3 9 1 10 5 0 1 0 0 40 0 -1
38 0 33983 1 10 0 10 2 0 1 0 0 40 0 -1
49 0 192776 10 14 0 4 2 0 1 0 1977 45 0 1
30 0 118551 0 13 0 0 0 0 0 0 0 16 0 1
60 0 201965 1 10 2 5 5 0 1 0 0 40 0 1
22 ? 139883 1 10 2 ? 1 0 1 0 0 40 0 -1
35 0 285020 3 9 2 1 3 0 1 0 0 40 0 -1
30 0 303990 3 9 2 10 3 0 1 0 0 60 0 -1
67 0 49401 6 11 1 2 3 0 0 0 0 24 0 -1
46 0 279196 0 13 2 1 3 0 0 0 0 40 0 -1
17 0 211870 7 5 2 2 3 0 1 0 0 6 0 -1
22 0 281432 1 10 2 6 1 0 1 0 0 30 0 -1
27 0 161155 12 6 2 2 3 0 1 0 0 40 0 -1
23 0 197904 3 9 2 2 5 0 0 0 0 35 0 -1
33 0 111746 5 12 0 1 2 0 1 0 0 45 17 -1
43 1 170721 1 10 0 1 2 0 1 0 0 20 0 -1
28 5 70100 0 13 2 5 3 0 1 0 0 20 0 -1
41 0 193626 3 9 5 1 5 0 0 0 0 40 0 -1
52 ? 271749 9 8 2 ? 4 4 1 594 0 40 0 -1
25 0 189775 1 10 5 8 1 4 0 0 0 20 0 -1
63 ? 401531 11 2 0 ? 2 0 1 0 0 35 0 -1
59 4 286967 3 9 0 10 2 0 1 0 0 45 0 -1
45 4 164427 0 13 1 5 5 0 0 0 0 40 0 -1
38 0 91039 0 13 0 3 2 0 1 15024 0 60 0 1
40 0 347934 3 9 2 2 3 0 0 0 0 35 0 -1
46 3 371373 3 9 1 8 3 0 1 0 0 40 0 -1
35 0 32220 5 12 2 4 3 0 0 0 0 60 0 -1
34 0 187251 3 9 1 5 5 0 0 0 0 25 0 -1
33 0 178107 0 13 2 1 1 0 1 0 0 20 0 -1
41 0 343121 3 9 1 8 5 0 0 0 0 36 0 -1
20 0 262749 1 10 2 7 1 0 1 0 0 40 0 -1
23 0 403107 14 3 2 2 1 0 1 0 0 40 29 -1
26 0 64293 1 10 2 5 3 0 0 0 0 35 0 -1
72 ? 303588 3 9 0 ? 2 0 1 0 0 20 0 -1
23 4 324960 3 9 2 9 3 0 1 0 0 40 14 -1
62 4 114060 3 9 0 10 2 0 1 0 0 40 0 -1
52 0 48925 1 10 0 8 2 0 1 0 0 40 0 -1
58 0 180980 1 10 1 2 5 0 0 0 0 42 18 -1
25 0 181054 0 13 2 3 3 0 0 0 0 40 0 -1
24 0 388093 0 13 2 4 3 4 1 0 0 40 0 -1
19 0 249609 1 10 2 12 1 0 1 0 0 8 0 -1
43 0 112131 1 10 0 4 2 0 1 0 0 40 0 -1
47 4 543162 3 9 3 8 5 4 0 0 0 40 0 -1
39 0 91996 3 9 1 2 5 0 0 0 0 40 0 -1
49 0 141944 6 11 5 6 5 0 1 0 1380 42 0 -1
53 ? 251804 14 3 4 ? 5 4 0 0 0 30 0 -1
32 0 37070 6 11 2 1 3 0 1 0 0 45 0 -1
34 0 337587 1 10 0 5 2 0 1 0 0 50 0 1
28 0 189346 3 9 1 1 3 0 1 0 0 45 0 -1
57 ? 222216 6 11 4 ? 5 0 0 0 0 38 0 -1
25 0 267044 1 10 2 8 3 2 0 0 0 20 0 -1
20 ? 214635 1 10 2 ? 1 0 1 0 0 24 0 -1
21 ? 204226 1 10 2 ? 5 0 0 0 0 35 0 -1
34 0 108116 0 13 0 5 2 0 1 0 0 50 0 1
38 2 99146 0 13 0 4 2 0 1 15024 0 80 0 1
50 0 196232 3 9 0 4 2 0 1 7688 0 50 0 1
24 4 248344 1 10 1 6 3 4 1 0 0 50 0 -1
37 4 186035 1 10 0 0 2 0 1 0 0 45 0 1
44 0 177905 1 10 1 7 5 0 1 0 0 58 0 1
28 0 85812 1 10 0 3 0 0 0 0 0 40 0 -1
42 0 221172 0 13 0 4 2 0 1 0 0 40 0 1
74 0 99183 1 10 1 8 3 0 0 0 0 9 0 -1
38 1 190387 3 9 0 1 2 0 1 0 0 50 0 -1
44 1 202692 10 14 0 5 2 0 1 0 0 40 0 -1
44 0 109339 2 7 1 7 5 3 0 0 0 46 3 -1
26 0 108658 3 9 2 7 3 0 1 0 0 40 0 -1
36 0 197202 3 9 0 2 2 4 1 0 0 40 0 -1
41 0 101739 5 12 0 4 0 0 0 0 0 50 0 1
67 0 231559 4 15 0 5 2 0 1 20051 0 48 0 1
39 4 207853 9 8 0 0 2 0 1 0 0 50 0 -1
57 0 190942 11 2 4 11 3 4 0 0 0 30 0 -1
29 0 102345 6 11 3 1 3 0 1 0 0 40 0 -1
31 2 41493 0 13 2 9 3 0 0 0 0 45 0 -1
34 ? 190027 3 9 2 ? 5 4 0 0 0 40 0 -1
44 0 210525 1 10 0 10 2 0 1 0 0 40 0 -1
29 0 133937 13 16 2 5 1 0 1 0 0 40 0 -1
30 0 237903 1 10 2 6 5 0 0 0 0 40 0 -1
27 0 163862 3 9 2 10 3 0 1 0 0 40 0 -1
27 0 201872 1 10 0 3 2 0 1 0 0 50 0 -1
32 0 84179 3 9 2 6 3 0 0 0 0 45 0 -1
58 0 51662 12 6 0 2 0 0 0 0 0 8 0 -1
35 4 233327 1 10 0 12 2 0 1 0 0 40 0 -1
21 0 259510 3 9 2 6 1 0 1 0 0 36 0 -1
28 0 184831 1 10 2 1 5 0 1 0 0 40 0 -1
46 1 245724 1 10 1 4 3 0 1 0 0 50 0 -1
36 1 27053 3 9 3 2 5 0 0 0 0 40 0 -1
72 0 205343 2 7 4 8 5 0 0 0 0 40 0 -1
35 0 229328 3 9 0 7 0 4 0 0 0 40 0 -1
33 3 319560 6 11 1 1 5 4 0 0 0 40 0 1
69 0 136218 2 7 2 7 3 0 0 0 0 40 0 -1
35 0 54576 3 9 0 7 2 0 1 0 0 40 0 -1
31 0 323069 3 9 3 8 5 0 0 0 0 20 ? -1
34 0 148291 3 9 0 0 0 0 0 0 0 32 0 -1
30 0 152453 2 7 0 2 2 0 1 0 0 40 16 -1
28 0 114053 0 13 2 10 3 0 1 0 0 55 0 -1
54 0 212960 0 13 0 3 2 0 1 0 0 35 0 1
47 0 264052 1 10 0 5 2 0 1 0 0 50 0 1
24 0 82804 3 9 2 6 5 4 0 0 0 40 0 -1
52 1 334273 0 13 0 5 2 0 1 0 0 60 0 1
20 0 27337 3 9 2 6 1 2 1 0 0 48 0 -1
43 2 188436 10 14 0 4 2 0 1 5013 0 45 0 -1
45 0 433665 8 4 3 2 5 0 0 0 0 40 16 -1
29 1 110663 3 9 3 1 3 0 1 0 0 35 0 -1
47 0 87490 10 14 1 4 5 0 1 0 0 42 0 -1
24 0 354351 3 9 2 1 1 0 1 0 0 40 0 -1
51 0 95469 3 9 0 5 2 0 1 0 0 40 0 -1
17 0 242718 2 7 2 3 1 0 1 0 0 12 0 -1
37 0 22463 6 11 0 1 2 0 1 0 1977 40 0 1
27 0 158156 13 16 2 5 3 0 0 0 0 70 0 -1
29 0 350162 0 13 0 4 0 0 1 0 0 40 0 1
18 ? 165532 9 8 2 ? 1 0 1 0 0 25 0 -1
36 1 28738 5 12 1 3 5 0 0 0 0 35 0 -1
58 4 283635 0 13 2 5 3 0 0 0 0 40 0 -1
26 1 86646 1 10 0 1 2 0 1 0 0 45 0 -1
65 ? 195733 1 10 0 ? 2 0 1 0 0 30 0 1
57 0 69884 3 9 0 3 2 0 1 0 0 40 0 1
59 0 199713 3 9 0 1 2 0 1 0 0 40 0 -1
27 0 181659 3 9 0 7 2 0 1 0 0 40 0 -1
31 1 340939 0 13 2 0 3 0 1 0 0 40 0 -1
21 0 197747 1 10 2 3 1 0 0 0 0 24 0 -1
29 0 34292 1 10 2 8 3 0 1 0 0 60 0 -1
18 0 156764 2 7 2 2 1 0 1 0 0 40 0 -1
52 0 25826 12 6 0 1 2 0 1 0 1887 47 0 1
57 2 103948 0 13 1 5 3 0 1 0 0 80 0 -1
42 ? 137390 3 9 0 ? 2 0 1 0 0 40 0 -1
55 ? 105138 3 9 0 ? 0 1 0 0 0 40 0 -1
60 0 39352 8 4 2 10 3 0 1 0 0 48 0 1
31 0 168387 0 13 0 5 2 0 1 7688 0 40 4 1
23 0 117789 0 13 2 8 1 0 0 0 0 40 0 -1
27 0 267147 3 9 2 3 1 0 1 0 0 40 0 -1
23 ? 99399 1 10 2 ? 5 2 0 0 0 25 0 -1
42 1 214242 4 15 0 5 2 0 1 0 1902 50 0 1
25 0 200408 1 10 2 0 3 0 1 2174 0 40 0 -1
49 0 136455 0 13 2 5 3 0 0 0 0 45 0 -1
32 0 239824 0 13 2 0 3 0 1 0 0 40 0 -1
19 0 217039 1 10 2 8 1 0 1 0 0 28 0 -1
60 0 51290 8 4 1 2 3 0 0 0 0 40 0 -1
42 4 175674 7 5 0 2 2 0 1 0 0 40 0 -1
35 1 194404 5 12 2 9 3 0 1 0 0 40 0 -1
48 0 45612 3 9 2 8 5 4 0 0 0 37 0 -1
51 0 410114 10 14 0 1 2 0 1 0 0 40 0 1
29 0 182521 3 9 2 1 3 2 1 0 0 40 0 -1
36 4 339772 3 9 3 4 3 4 1 0 0 40 0 -1
17 0 169658 12 6 2 2 1 0 0 0 0 21 0 -1
52 0 200853 10 14 1 5 3 0 0 6849 0 60 0 -1
24 0 247564 3 9 2 1 3 0 1 0 0 40 0 -1
24 0 249909 3 9 0 6 2 0 1 0 0 50 0 -1
26 4 208122 0 13 2 5 1 0 1 1055 0 40 0 -1
27 0 109881 0 13 2 2 1 0 0 0 0 20 0 -1
39 0 207824 3 9 2 6 1 0 1 0 0 60 0 -1
30 0 369027 3 9 0 10 2 4 1 0 0 45 0 -1
50 1 114117 3 9 0 4 2 0 1 0 0 32 0 -1
52 2 51048 0 13 0 3 2 0 1 0 0 55 0 -1
46 0 102388 4 15 0 5 2 0 1 15024 0 45 0 1
23 0 190483 0 13 2 3 1 0 0 0 0 20 0 -1
45 0 462440 2 7 4 2 3 4 0 0 0 20 0 -1
65 0 109351 7 5 4 11 5 4 0 0 0 24 0 -1
29 0 34383 6 11 0 10 2 0 1 0 0 55 0 -1
47 0 241832 7 5 5 6 5 0 1 0 0 40 29 -1
30 0 124187 3 9 2 9 1 4 1 0 0 60 0 -1
34 0 153614 3 9 0 3 2 0 1 0 0 45 0 1
38 1 267556 3 9 0 3 2 0 1 0 0 64 0 -1
33 0 205469 1 10 0 4 2 0 1 0 0 40 0 1
49 0 268090 0 13 0 3 2 0 1 0 0 26 0 1
47 1 165039 1 10 2 2 5 4 0 0 0 40 0 -1
49 4 120451 12 6 3 2 5 4 0 0 0 40 0 -1
43 0 154374 1 10 0 1 2 0 1 15024 0 60 0 1
30 0 103649 0 13 0 8 0 4 0 0 0 40 0 1
58 1 35723 3 9 0 1 2 0 1 0 0 60 0 -1
19 0 262601 3 9 2 2 1 0 0 0 0 14 0 -1
21 0 226181 0 13 2 6 3 0 1 0 0 40 0 -1
33 0 175697 0 13 0 4 2 0 1 15024 0 60 0 1
47 2 248145 14 3 0 10 2 0 1 0 0 50 9 -1
52 1 289436 13 16 0 5 2 0 1 0 0 60 0 1
26 0 75654 3 9 1 1 3 0 1 0 0 55 0 -1
60 0 199378 3 9 0 1 2 0 1 0 0 40 0 -1
21 0 160968 1 10 2 6 1 0 1 0 0 40 0 -1
36 0 188563 1 10 0 3 2 0 1 5178 0 50 0 1
31 0 55849 1 10 0 1 2 0 1 0 0 45 0 -1
50 2 195322 13 16 3 5 3 0 1 0 0 40 0 1
31 4 402089 3 9 1 8 5 0 0 0 0 40 0 -1
71 0 78277 3 9 0 1 2 0 1 0 0 15 0 -1
58 ? 158611 3 9 0 ? 2 0 1 0 0 50 0 -1
30 5 169496 0 13 0 0 2 0 1 0 0 40 0 1
20 0 130959 1 10 2 2 1 0 1 0 0 20 0 -1
24 0 556660 3 9 2 4 4 0 1 4101 0 50 0 -1
35 0 292472 13 16 0 5 2 1 1 0 0 40 23 1
38 5 143774 1 10 3 4 3 0 0 0 0 45 0 -1
27 0 288341 3 9 2 7 1 0 0 0 0 32 0 -1
29 5 71592 1 10 2 8 5 1 0 0 0 40 12 -1
70 ? 167358 7 5 4 ? 5 0 0 1111 0 15 0 -1
34 0 106742 3 9 0 1 2 0 1 0 0 45 0 -1
44 0 219288 8 4 0 1 2 0 1 0 0 35 0 -1
43 0 174524 3 9 0 7 2 0 1 0 0 40 0 1
44 1 335183 9 8 0 6 2 4 1 0 0 40 0 1
35 0 261293 10 14 2 3 3 0 1 0 0 60 0 -1
27 0 111900 1 10 2 5 3 0 1 0 0 40 0 -1
43 4 194360 10 14 2 5 3 0 1 0 0 38 0 -1
20 0 81145 1 10 2 3 3 0 0 0 0 25 0 -1
42 0 341204 5 12 1 5 5 0 0 8614 0 40 0 1
27 5 249362 1 10 0 10 2 0 1 3411 0 40 0 -1
42 0 247019 3 9 0 1 2 4 1 0 0 40 0 1
20 ? 114746 2 7 5 ? 1 1 0 0 1762 40 7 -1
24 0 172146 7 5 2 7 3 0 1 0 1721 40 0 -1
48 3 110457 1 10 1 4 3 0 1 0 0 40 0 -1
17 ? 80077 2 7 2 ? 1 0 0 0 0 20 0 -1
17 1 368700 2 7 2 9 1 0 1 0 0 10 0 -1
33 0 182556 0 13 0 4 2 0 1 0 0 40 0 1
50 2 219420 3 9 0 3 2 0 1 0 0 50 0 1
22 0 240817 3 9 2 3 1 0 0 2597 0 40 0 -1
17 0 102726 9 8 2 2 1 0 1 0 0 16 0 -1
32 0 226267 1 10 0 8 2 0 1 0 0 40 16 -1
31 0 125457 3 9 2 1 3 0 1 0 0 45 0 -1
58 1 204021 3 9 4 4 3 0 1 0 0 50 0 -1
29 4 92262 3 9 2 12 1 0 1 0 0 48 0 -1
37 0 161141 6 11 0 1 2 0 1 0 0 40 17 1
34 1 190290 3 9 0 1 2 0 1 0 0 40 0 1
23 4 430828 1 10 3 4 5 4 1 0 0 40 0 -1
18 5 59342 2 7 2 8 1 0 0 0 0 5 0 -1
34 0 136721 3 9 1 4 3 0 0 0 0 40 0 -1
66 ? 149422 8 4 2 ? 3 0 1 0 0 4 0 -1
45 4 86644 0 13 0 5 0 0 0 0 0 55 0 -1
41 0 195124 10 14 2 4 3 0 1 0 0 35 19 -1
26 0 167350 3 9 2 2 4 0 1 0 0 30 0 -1
54 4 113000 1 10 0 9 2 0 1 0 0 40 0 -1
24 0 140027 1 10 2 7 1 4 0 0 0 45 0 -1
42 0 262425 1 10 0 5 2 0 1 0 0 50 0 -1
20 0 316702 1 10 2 5 1 0 1 0 0 20 0 -1
23 5 335453 0 13 2 0 3 0 0 0 0 20 0 -1
25 ? 202480 5 12 2 ? 4 0 1 0 0 45 0 -1
35 0 203628 10 14 2 5 3 0 1 0 0 60 0 1
31 0 118710 10 14 0 0 2 0 1 0 1902 40 0 1
30 0 189620 0 13 2 5 1 0 0 0 0 40 14 -1
19 0 475028 3 9 2 3 1 0 0 0 0 20 0 -1
36 4 110866 0 13 2 5 3 0 1 0 0 50 0 -1
31 0 243605 0 13 4 3 5 0 0 0 1380 40 9 -1
21 0 163870 1 10 2 6 1 0 1 0 0 30 0 -1
31 1 80145 1 10 0 1 2 0 1 0 0 40 0 -1
46 0 295566 13 16 1 5 5 0 0 25236 0 65 0 1
44 0 63042 0 13 1 4 1 0 0 0 0 50 0 1
40 0 229148 9 8 0 2 2 4 1 0 0 40 15 -1
45 0 242552 1 10 2 3 3 4 1 0 0 40 0 -1
60 0 177665 3 9 0 1 2 0 1 0 0 35 0 -1
18 0 208103 2 7 2 2 4 0 1 0 0 25 0 -1
28 0 296450 0 13 0 5 2 0 1 0 0 40 0 -1
36 0 70282 1 10 1 8 5 4 0 0 0 40 0 -1
36 0 271767 0 13 3 5 3 0 1 0 0 40 ? -1
40 0 144995 6 11 0 0 2 0 1 4386 0 40 0 -1
36 4 382635 0 13 1 8 5 0 0 0 0 35 11 -1
31 0 295697 3 9 3 2 5 4 0 0 0 40 0 -1
33 0 194141 3 9 0 7 2 0 1 0 0 40 0 -1
19 5 378418 3 9 2 0 1 0 0 0 0 40 0 -1
22 0 214399 1 10 2 3 1 0 0 0 0 15 0 -1
34 0 217460 0 13 0 4 2 0 1 0 0 45 0 1
33 0 182556 3 9 2 2 3 0 1 0 0 40 0 -1
41 0 125831 3 9 0 1 2 0 1 0 2051 60 0 -1
29 0 271328 0 13 2 5 3 0 1 4650 0 40 0 -1
50 4 50459 3 9 0 4 2 0 1 0 0 42 0 1
42 0 162140 0 13 0 4 2 0 1 7298 0 45 0 1
43 0 177937 0 13 2 5 3 0 1 0 0 40 ? 1
44 0 111502 3 9 0 3 0 0 0 0 0 40 0 -1
20 0 299047 1 10 2 2 3 0 0 0 0 20 0 -1
31 0 223212 3 9 0 2 2 0 1 0 0 40 16 -1
65 1 118474 2 7 0 4 2 0 1 9386 0 59 ? 1
23 0 352139 1 10 2 2 3 0 0 0 0 24 0 -1
55 0 173093 1 10 1 8 3 1 0 0 0 40 0 -1
26 0 181655 6 11 0 8 2 0 1 0 2377 45 0 -1
25 0 332702 6 11 2 2 1 0 0 0 0 15 0 -1
45 ? 51164 1 10 0 ? 0 4 0 0 0 40 0 -1
35 0 234901 1 10 0 1 2 0 1 2407 0 40 0 -1
36 0 131414 1 10 2 3 3 4 0 0 0 36 0 -1
43 5 260960 0 13 0 5 2 0 1 0 0 50 0 -1
56 0 156052 3 9 4 2 5 4 0 594 0 20 0 -1
42 0 279914 0 13 0 0 2 0 1 0 0 40 0 1
19 0 192453 1 10 2 2 4 0 0 0 0 25 0 -1
55 1 200939 3 9 0 10 2 0 1 0 0 72 0 -1
42 0 151408 10 14 2 4 3 0 0 14084 0 50 0 1
26 0 112847 6 11 2 0 1 0 1 0 0 40 0 -1
17 0 316929 9 8 2 6 1 0 1 0 0 20 0 -1
42 4 126319 0 13 0 5 0 0 0 0 0 40 0 1
55 0 197422 3 9 0 10 2 0 1 7688 0 40 0 1
32 0 267736 1 10 2 8 1 4 0 0 0 40 0 -1
29 0 267034 2 7 2 1 1 4 1 0 0 40 24 -1
46 5 193047 0 13 0 5 2 0 1 0 0 37 0 -1
29 5 356089 0 13 0 4 2 0 1 7688 0 40 0 1
22 0 223515 0 13 2 5 5 0 1 0 0 20 0 -1
58 1 87510 12 6 0 1 2 0 1 0 0 40 0 -1
23 0 145111 3 9 2 10 5 0 1 0 0 50 0 -1
39 0 48093 3 9 2 6 3 0 1 0 0 40 0 -1
27 0 31757 6 11 2 1 1 0 1 0 0 38 0 -1
54 0 285854 3 9 0 10 2 0 1 0 0 40 0 1
33 4 120064 0 13 2 5 3 0 0 0 0 45 0 -1
46 3 167381 3 9 0 8 0 0 0 0 0 40 0 1
37 0 103408 3 9 2 9 3 4 1 0 0 40 0 -1
36 0 101460 3 9 2 2 3 0 0 0 0 18 0 -1
59 4 420537 3 9 0 8 0 0 0 0 0 38 0 1
34 4 119411 3 9 1 12 5 0 1 0 0 40 17 -1
53 2 128272 13 16 0 4 2 0 1 0 0 70 0 1
51 0 386773 0 13 2 3 3 0 1 0 0 55 0 1
32 0 283268 12 6 3 2 5 0 0 0 0 42 0 -1
31 5 301526 1 10 5 2 4 0 1 0 0 40 0 -1
22 0 151790 1 10 0 3 0 0 0 0 0 30 5 -1
47 1 106252 0 13 1 3 3 0 0 0 0 50 0 -1
32 0 188557 3 9 2 7 3 0 1 0 0 40 0 -1
26 0 171114 1 10 2 9 3 0 0 0 0 38 0 -1
37 0 327323 14 3 3 9 3 0 1 0 0 32 26 -1
31 0 244147 3 9 1 1 5 0 1 0 0 55 0 -1
37 0 280282 6 11 0 0 0 0 0 0 0 24 0 1
55 0 116442 3 9 2 3 3 0 1 0 0 38 0 -1
23 4 282579 6 11 1 0 3 0 1 0 0 56 0 -1
36 0 51838 1 10 1 8 5 0 0 0 0 40 0 -1
34 0 73585 10 14 0 5 2 0 1 0 0 40 ? -1
43 0 226902 0 13 0 3 2 0 1 0 0 50 0 1
54 0 279129 1 10 2 0 3 0 1 0 0 40 0 -1
43 5 146908 1 10 0 1 2 0 1 0 0 40 ? -1
28 0 196690 6 11 2 7 3 0 0 0 1669 42 0 -1
40 0 130760 6 11 0 4 2 0 1 0 0 50 0 1
41 1 49572 1 10 0 4 2 0 1 0 0 60 0 -1
40 0 237601 0 13 2 3 3 3 0 0 0 55 0 1
42 0 169628 1 10 1 8 3 4 0 0 0 38 0 -1
61 1 36671 3 9 0 9 2 0 1 0 2352 50 0 -1
18 0 231193 9 8 2 7 1 0 1 0 0 30 0 -1
59 ? 192130 3 9 0 ? 2 0 1 0 0 16 0 -1
21 ? 149704 3 9 2 ? 3 0 0 1055 0 40 0 -1
48 0 102102 6 11 0 0 2 0 1 0 0 50 0 1
41 2 32185 0 13 0 0 2 0 1 0 0 40 0 -1
18 ? 196061 1 10 2 ? 1 0 1 0 0 33 0 -1
23 0 211046 3 9 2 3 3 0 0 2463 0 40 0 -1
60 0 31577 3 9 0 10 2 0 1 0 0 60 0 1
22 0 162343 1 10 2 2 4 4 1 0 0 20 0 -1
61 0 128831 3 9 0 7 2 0 1 0 0 40 0 -1
25 0 316688 3 9 2 7 3 4 1 0 0 40 0 -1
46 0 90758 10 14 2 0 3 0 1 0 0 35 0 1
43 0 274363 0 13 0 4 2 0 1 0 1902 40 2 1
43 0 154538 5 12 1 1 3 0 1 0 0 40 0 -1
24 0 106085 3 9 2 2 1 4 1 0 1721 30 0 -1
68 1 315859 2 7 2 9 5 0 1 0 0 20 0 -1
31 0 51471 3 9 1 8 5 0 0 0 0 38 0 -1
17 0 193830 2 7 2 3 1 0 0 0 0 20 0 -1
32 0 231043 3 9 0 1 2 0 1 5178 0 48 0 1
50 ? 23780 10 14 5 ? 4 0 1 0 0 40 0 -1
33 0 169879 0 13 0 5 2 0 1 3103 0 47 0 1
64 0 270333 0 13 0 5 2 0 1 0 0 40 0 1
20 0 138768 3 9 2 10 1 0 1 0 0 30 0 -1
30 0 191571 3 9 3 2 1 0 0 0 0 36 0 -1
22 ? 219941 1 10 2 ? 1 4 1 0 0 40 0 -1
43 0 94113 1 10 1 4 3 0 1 0 0 45 0 -1
22 0 137510 1 10 2 8 1 0 1 0 0 40 0 -1
17 0 32607 12 6 2 9 1 0 1 0 0 20 0 -1
47 1 93208 3 9 0 2 0 0 0 0 0 75 13 -1
41 0 254440 6 11 2 5 3 0 0 0 0 60 0 -1
56 0 186556 1 10 0 1 2 0 1 0 0 50 0 1
64 0 169871 3 9 0 10 2 0 1 0 0 45 0 -1
47 0 191277 3 9 0 10 2 0 1 0 0 50 0 1
48 0 167159 6 11 2 8 5 0 1 0 0 40 0 -1
31 0 171871 10 14 2 5 3 0 0 0 0 46 0 -1
29 0 154411 6 11 2 0 1 0 1 0 0 40 0 -1
30 0 129227 3 9 4 8 3 0 0 0 0 40 0 -1
32 0 110331 3 9 0 4 2 0 1 0 1672 60 0 -1
57 0 34269 3 9 4 10 5 0 1 0 653 42 0 1
62 0 174355 3 9 4 2 3 0 0 0 0 40 0 -1
39 0 680390 3 9 3 7 5 0 0 0 0 24 0 -1
43 0 233130 1 10 2 8 3 0 1 0 0 25 0 -1
24 2 165474 0 13 2 3 1 0 1 0 0 40 0 -1
42 ? 257780 2 7 0 ? 2 0 1 0 0 15 0 -1
53 0 194259 1 10 0 8 0 0 0 4386 0 40 0 1
26 0 280093 1 10 2 6 1 0 1 0 0 40 0 -1
73 1 177387 3 9 0 4 2 0 1 0 0 40 0 -1
72 ? 28929 2 7 4 ? 3 0 0 0 0 24 0 -1
55 0 105304 3 9 0 7 2 0 1 0 0 40 0 -1
25 0 499233 3 9 1 8 3 0 1 0 0 40 0 -1
41 0 180572 0 13 1 5 3 0 0 0 0 50 0 1
24 0 321435 0 13 2 4 3 0 1 0 0 50 0 -1
63 0 86108 3 9 4 9 3 0 1 0 0 6 0 -1
17 0 198124 2 7 2 3 1 0 1 0 0 20 0 -1
35 0 135162 1 10 0 1 2 0 1 0 0 50 0 -1
51 0 146813 1 10 0 5 2 0 1 0 0 40 0 1
62 4 291175 0 13 4 5 3 0 0 0 0 48 0 -1
55 0 387569 3 9 0 1 2 0 1 4386 0 40 0 1
43 0 102895 1 10 1 5 3 0 1 0 0 40 0 -1
40 4 33274 3 9 1 2 3 0 0 0 0 50 0 -1
37 0 86551 0 13 0 4 2 0 1 0 0 45 0 1
39 0 138192 0 13 0 1 2 0 1 0 0 40 0 -1
31 0 118966 3 9 2 1 1 0 1 0 0 18 0 -1
61 0 99784 10 14 4 5 3 0 0 0 0 40 0 1
26 0 90980 6 11 1 8 3 0 0 0 0 55 0 -1
46 1 177407 3 9 0 3 2 0 1 0 0 50 0 -1
26 0 96467 0 13 2 5 3 0 0 0 0 40 0 -1
48 5 327886 13 16 1 5 1 0 1 0 0 50 0 1
34 0 111567 3 9 2 10 1 0 1 0 0 40 0 -1
34 4 166545 3 9 2 8 1 0 0 0 0 40 0 -1
59 0 142182 3 9 0 2 2 0 1 0 0 40 0 1
34 0 188798 0 13 2 5 1 0 0 0 0 40 0 -1
49 0 38563 0 13 2 4 3 0 0 0 0 56 0 1
18 0 216284 2 7 2 8 1 0 0 0 0 20 0 -1
43 0 191547 3 9 0 9 2 0 1 0 0 40 16 -1
48 0 285335 2 7 0 4 2 0 1 0 0 50 0 -1
28 2 142712 1 10 0 4 2 0 1 0 0 70 0 -1
33 0 80945 3 9 0 7 2 0 1 0 0 40 0 -1
24 0 309055 1 10 2 3 3 0 0 0 0 15 0 -1
21 0 62339 12 6 2 6 3 0 1 0 0 40 0 -1
17 0 368700 2 7 2 3 1 0 1 0 0 28 0 -1
39 0 176186 1 10 0 9 2 0 1 0 0 50 0 1
29 1 266855 0 13 3 5 1 0 1 0 0 40 0 -1
44 0 48087 0 13 0 4 2 0 1 0 0 40 0 1
24 0 121313 1 10 2 10 1 0 1 0 0 50 0 -1
71 1 143437 10 14 0 3 2 0 1 10605 0 40 0 1
51 1 160724 0 13 0 3 2 1 1 0 2415 40 8 1
55 0 282753 14 3 1 2 5 4 1 0 0 25 0 -1
41 0 194636 0 13 0 4 2 0 1 0 0 60 0 1
23 0 153044 3 9 2 6 5 4 0 0 0 7 0 -1
38 0 411797 6 11 1 8 5 0 0 0 0 40 0 -1
39 0 117683 3 9 0 10 2 0 1 0 0 40 0 1
19 0 376540 3 9 2 8 3 0 0 0 0 30 0 -1
49 0 72393 7 5 1 7 3 0 0 0 0 40 0 -1
32 0 270335 0 13 0 8 4 0 1 0 0 40 12 1
27 0 96226 3 9 0 1 2 0 1 0 0 70 0 -1
38 0 95336 0 13 0 3 2 0 1 0 0 50 0 1
33 0 258498 1 10 0 1 0 0 0 0 0 60 0 -1
63 ? 149698 1 10 0 ? 2 0 1 0 0 15 0 -1
23 0 205865 0 13 2 4 1 0 1 0 0 28 0 -1
33 2 155781 1 10 0 1 2 0 1 0 0 60 ? -1
54 1 406468 3 9 0 3 2 4 1 0 0 40 0 -1
29 0 177119 6 11 1 0 3 0 0 2174 0 45 0 -1
48 ? 144397 1 10 1 ? 5 4 0 0 0 30 0 -1
35 1 372525 0 13 2 4 3 0 1 0 0 40 0 -1
28 0 164170 6 11 0 8 0 1 0 0 0 40 5 -1
37 0 183800 0 13 0 5 2 0 1 7688 0 50 0 1
42 1 177307 4 15 0 9 2 0 1 0 0 65 0 1
40 0 170108 10 14 0 5 2 0 1 0 0 40 0 -1
47 0 341995 1 10 1 3 1 0 1 0 0 55 0 -1
22 0 226508 0 13 2 4 1 0 0 0 0 50 0 -1
30 0 87418 0 13 0 4 2 0 1 0 0 45 0 1
28 0 109165 3 9 0 0 2 0 1 0 0 40 0 -1
63 4 28856 8 4 0 2 2 0 1 0 0 55 0 -1
51 1 175897 7 5 0 1 2 0 1 0 0 20 0 -1
22 0 99697 3 9 2 6 1 0 0 0 0 40 0 -1
27 ? 90270 5 12 0 ? 1 2 1 0 0 40 0 -1
35 0 152375 3 9 2 3 3 0 1 0 0 45 0 -1
46 0 171550 3 9 1 7 3 0 0 0 0 38 0 -1
37 0 211154 1 10 1 7 3 0 1 0 0 52 0 -1
24 0 202570 0 13 2 5 1 4 1 0 0 15 0 -1
37 1 168496 3 9 1 6 1 0 1 0 0 10 0 -1
53 0 68898 1 10 0 0 2 0 1 0 0 40 0 -1
27 0 93235 3 9 2 3 3 0 1 0 0 30 0 -1
38 0 278924 1 10 1 1 3 0 1 0 0 44 0 -1
53 1 311020 12 6 0 9 2 0 1 0 0 60 0 -1
34 0 175878 1 10 2 1 3 0 1 0 0 40 0 -1
23 0 543028 3 9 2 3 1 4 1 0 0 40 0 -1
39 0 202027 0 13 0 4 2 0 1 15024 0 45 0 1
43 0 158926 10 14 0 5 0 1 0 0 0 50 7 -1
67 2 76860 3 9 0 4 2 1 1 0 0 40 0 1
81 1 136063 3 9 0 4 2 0 1 0 0 30 0 -1
21 0 186648 1 10 2 2 1 0 1 0 0 20 0 -1
23 0 257509 1 10 2 3 3 0 1 0 0 25 0 -1
25 0 98155 1 10 2 10 5 0 1 0 0 40 0 -1
42 0 274198 14 3 0 7 0 0 0 0 0 38 16 -1
38 0 97083 1 10 0 8 0 4 0 0 0 40 0 -1
64 ? 29825 3 9 0 ? 2 0 1 0 0 5 0 -1
32 0 262153 3 9 0 7 2 0 1 0 0 40 0 -1
37 0 214738 3 9 0 7 2 0 1 0 0 40 0 -1
51 0 138022 10 14 0 4 2 0 1 0 0 60 0 1
22 0 91842 1 10 2 3 3 0 0 0 0 42 0 -1
33 0 373662 11 2 5 11 3 0 0 0 0 40 26 -1
42 0 162003 3 9 1 7 3 0 1 0 0 55 0 -1
19 ? 52114 1 10 2 ? 1 0 0 0 0 10 0 -1
51 4 241843 15 1 0 2 2 0 1 0 0 40 0 -1
23 0 375871 3 9 0 8 0 0 0 0 0 40 16 -1
37 0 186934 2 7 0 7 2 0 1 3103 0 44 0 1
37 0 176900 3 9 0 1 2 0 1 0 0 99 0 1
47 0 21906 10 14 2 5 3 0 0 0 0 25 0 -1
41 0 132222 4 15 0 5 2 0 1 0 2415 40 0 1
33 0 143653 3 9 0 1 2 0 1 0 0 30 0 -1
31 0 111567 0 13 2 3 3 0 1 0 0 40 0 1
31 0 78602 5 12 1 2 5 2 0 0 0 40 0 -1
35 0 465507 3 9 0 7 2 4 1 0 0 40 0 -1
38 2 196373 3 9 0 4 2 0 1 0 0 40 0 1
18 0 293227 3 9 2 2 3 0 0 0 0 45 0 -1
20 0 241752 3 9 0 7 2 0 1 0 0 40 0 -1
54 4 166398 1 10 1 4 5 4 0 0 0 35 0 -1
40 0 184682 1 10 1 8 5 0 0 0 0 40 0 -1
36 2 108293 0 13 0 4 0 0 0 0 1977 45 0 1
43 0 250802 1 10 1 1 5 0 1 0 0 35 0 -1
44 1 325159 1 10 1 9 5 0 1 0 0 40 0 -1
44 5 174675 3 9 0 5 0 0 0 0 0 40 0 1
43 0 227065 10 14 0 4 2 0 1 0 0 43 0 1
51 0 269080 8 4 4 2 5 4 0 0 0 40 0 -1
18 0 177722 3 9 2 2 1 0 0 0 0 20 0 -1
51 0 133461 1 10 0 4 2 0 1 0 0 40 0 -1
41 0 239683 12 6 0 1 2 0 1 0 0 30 ? -1
44 2 398473 1 10 0 3 2 0 1 0 0 70 0 1
33 4 298785 12 6 1 10 3 0 1 0 0 40 0 -1
33 1 123424 0 13 0 4 2 0 1 0 0 40 0 1
42 0 176286 5 12 0 4 2 0 1 0 0 40 0 1
25 0 150062 1 10 0 5 2 0 1 0 0 45 0 -1
32 0 169240 3 9 1 7 3 0 0 0 0 38 0 -1
32 0 288273 0 13 0 1 2 0 1 0 0 70 16 -1
36 0 526968 12 6 1 4 5 0 0 0 0 40 0 -1
28 0 57066 3 9 0 10 2 0 1 0 0 40 0 -1
20 0 323573 3 9 2 2 1 0 0 0 0 20 0 -1
35 2 368825 1 10 0 3 2 0 1 0 0 60 0 1
55 1 189721 3 9 0 1 2 0 1 0 0 20 0 -1
48 0 164966 0 13 0 4 2 1 1 0 0 40 5 1
36 ? 94954 6 11 4 ? 3 0 0 0 0 20 0 -1
34 0 202046 3 9 0 1 2 0 1 0 0 35 0 1
28 0 161538 0 13 2 0 3 0 0 0 0 35 0 -1
67 0 105252 0 13 4 4 3 0 1 0 2392 40 0 1
37 0 200153 3 9 0 1 2 0 1 0 0 40 0 -1
44 0 32185 3 9 2 10 5 0 1 0 0 70 0 -1
25 0 178326 1 10 2 3 3 0 0 0 0 40 0 -1
21 0 255957 1 10 2 4 3 0 0 4101 0 40 0 -1
40 5 188693 10 14 0 5 2 0 1 0 0 35 0 1
78 0 182977 3 9 4 2 3 4 0 2964 0 40 0 -1
34 0 159929 3 9 1 6 1 0 1 0 0 40 0 -1
49 0 123207 3 9 2 8 3 0 0 0 0 44 0 -1
22 0 284317 5 12 2 8 3 0 0 0 0 40 0 -1
23 ? 184699 3 9 2 ? 5 4 0 0 0 40 0 -1
60 1 154474 3 9 2 9 5 0 1 0 0 42 0 -1
45 4 318280 3 9 4 12 3 0 1 0 0 40 0 1
63 0 254907 6 11 1 2 3 0 0 0 0 20 0 -1
41 0 349221 3 9 2 1 1 4 0 0 0 35 0 -1
47 0 335973 3 9 1 8 5 0 0 0 0 40 0 -1
44 0 126701 3 9 1 1 5 0 1 0 0 40 0 -1
51 0 122159 1 10 4 5 3 0 0 3325 0 40 0 -1
46 0 187370 0 13 2 3 3 0 1 0 1504 40 0 -1
41 0 194636 6 11 0 7 2 0 1 0 0 40 0 -1
50 1 124793 3 9 0 1 2 0 1 0 0 30 0 -1
47 0 192835 3 9 0 8 2 0 1 0 0 50 0 1
35 0 290226 3 9 2 4 3 0 1 0 0 45 0 -1
56 0 112840 3 9 0 4 2 0 1 0 0 55 0 1
45 0 89325 10 14 1 5 3 0 1 0 0 45 0 -1
48 3 33109 0 13 1 4 5 0 1 0 0 58 0 1
40 0 82465 1 10 0 7 2 0 1 2580 0 40 0 -1
39 2 329980 0 13 0 4 2 0 1 15024 0 50 0 1
20 0 148294 1 10 2 2 1 0 1 0 0 40 0 -1
50 0 168212 13 16 0 5 2 0 1 0 1902 65 0 1
38 5 343642 3 9 0 5 0 0 0 0 0 40 0 1
23 4 115244 0 13 2 5 1 0 0 0 0 60 0 -1
31 0 162572 3 9 2 2 1 0 1 0 0 16 0 -1
58 0 356067 0 13 0 8 2 0 1 0 0 40 0 -1
66 0 271567 3 9 3 7 3 4 1 0 0 40 0 -1
39 2 180804 3 9 0 4 2 0 1 0 0 40 0 1
54 1 123011 3 9 0 1 2 0 1 15024 0 52 0 1
26 0 109186 1 10 0 3 2 0 1 0 0 50 5 -1
51 0 220537 3 9 1 7 3 0 0 0 0 40 0 -1
34 0 124827 6 11 2 10 1 0 1 0 0 40 0 -1
50 0 767403 3 9 0 7 2 0 1 3103 0 40 0 1
42 0 118494 1 10 0 5 2 0 1 0 0 44 0 1
38 0 173208 10 14 0 5 2 0 1 0 0 25 0 -1
48 0 107373 8 4 0 6 2 0 1 0 0 40 0 -1
33 0 26973 6 11 0 0 0 0 0 0 0 40 0 1
51 0 191965 3 9 4 2 5 0 0 0 0 32 0 -1
22 0 122346 3 9 1 1 3 0 1 0 0 40 0 -1
19 ? 117201 3 9 2 ? 1 0 1 0 0 30 0 -1
41 0 198316 1 10 2 1 3 0 1 0 0 50 6 -1
48 4 123075 10 14 0 5 2 0 1 0 0 35 0 1
42 0 209370 3 9 3 3 3 0 0 0 0 30 0 -1
34 0 33117 1 10 0 2 2 0 1 0 0 40 0 -1
23 0 129042 3 9 2 7 5 4 0 0 0 40 0 -1
56 0 169133 3 9 0 2 2 0 1 0 0 50 28 -1
30 0 201624 0 13 2 5 3 4 1 0 0 45 ? -1
45 0 368561 3 9 0 4 2 0 1 0 0 55 0 1
48 0 207848 12 6 0 8 0 0 0 0 0 40 0 -1
48 2 138370 10 14 5 3 3 1 1 0 0 50 5 -1
31 0 93106 6 11 2 8 3 0 0 0 0 40 0 -1
20 5 223515 5 12 2 2 1 0 1 0 1719 20 0 -1
27 0 389713 1 10 2 3 3 0 1 0 0 40 0 -1
32 0 206365 3 9 2 2 3 4 0 0 0 40 0 -1
76 ? 431192 8 4 4 ? 3 0 1 0 0 2 0 -1
19 ? 241616 3 9 2 ? 5 0 1 0 2001 40 0 -1
66 2 150726 7 5 0 4 2 0 1 1409 0 1 ? -1
37 0 123785 3 9 2 2 3 0 1 0 0 75 0 -1
34 0 289984 3 9 1 11 5 4 0 0 0 30 0 -1
34 ? 164309 2 7 0 ? 0 0 0 0 0 8 0 -1
90 0 137018 3 9 2 2 3 0 0 0 0 40 0 -1
23 0 137994 1 10 2 7 1 4 0 0 0 40 0 -1
43 0 341204 1 10 1 8 3 0 0 0 0 40 0 -1
44 0 167005 0 13 0 4 2 0 1 7688 0 60 0 1
24 0 34446 1 10 2 0 3 0 0 0 0 37 0 -1
28 0 187160 4 15 1 5 5 0 1 0 0 55 0 -1
64 ? 196288 5 12 2 ? 3 0 0 0 0 20 0 -1
23 0 217961 1 10 0 2 2 0 1 0 0 40 0 -1
20 0 74631 1 10 2 3 3 0 0 0 0 50 0 -1
36 0 156667 0 13 0 5 2 0 1 0 1902 50 0 1
61 0 125155 3 9 0 7 2 0 1 0 0 40 0 -1
53 1 263925 0 13 0 3 2 0 1 0 0 40 4 1
30 0 296453 0 13 0 8 2 0 1 7298 0 40 0 1
52 1 44728 1 10 0 3 2 0 1 0 0 55 0 1
38 0 193026 1 10 1 1 3 0 1 0 0 40 10 -1
32 0 87643 0 13 0 3 2 0 1 0 0 40 0 -1
30 1 106742 9 8 0 10 2 0 1 0 0 75 0 -1
41 0 302122 6 11 1 1 3 0 0 0 0 40 0 -1
49 4 193960 10 14 0 5 2 0 1 0 1902 40 0 1
45 0 185385 3 9 0 1 2 0 1 0 0 47 0 1
43 1 277647 3 9 0 4 2 0 1 0 0 35 0 -1
61 0 128848 3 9 0 7 2 0 1 3471 0 40 0 -1
54 0 377701 3 9 0 2 2 0 1 0 0 32 16 -1
34 0 157886 5 12 3 2 5 0 0 0 0 40 0 -1
49 0 175958 1 10 0 3 2 0 1 0 0 80 0 1
38 0 223004 1 10 2 2 1 0 1 0 0 40 0 -1
35 0 199352 4 15 0 5 2 0 1 0 1977 80 0 1
36 0 29984 9 8 0 10 2 0 1 0 0 40 0 -1
30 0 181651 0 13 0 4 2 0 1 0 0 50 0 -1
36 0 117312 5 12 1 0 3 0 0 0 0 60 0 -1
22 4 34029 0 13 2 5 1 0 0 0 0 20 0 -1
38 0 132879 3 9 0 1 2 0 1 0 1902 40 0 1
37 0 215310 3 9 0 1 2 0 1 0 0 50 0 1
48 5 55863 13 16 0 5 0 0 0 0 1902 46 0 1
17 0 220384 2 7 2 8 1 0 1 0 0 15 0 -1
19 1 36012 1 10 2 1 1 0 1 0 0 20 0 -1
27 0 137645 0 13 2 3 3 4 0 0 1590 40 0 -1
22 0 191342 0 13 2 3 1 1 1 0 0 50 23 -1
49 0 31339 3 9 0 1 2 0 1 0 0 40 0 -1
43 5 227910 6 11 0 5 0 0 0 0 0 40 0 1
43 0 173728 0 13 3 5 5 0 0 0 0 40 0 -1
19 4 167816 3 9 1 4 3 0 0 0 0 35 0 -1
58 1 81642 3 9 0 9 2 0 1 0 0 60 0 -1
41 4 195258 1 10 0 12 2 0 1 0 0 40 0 1
31 0 232475 1 10 0 8 2 0 1 0 0 40 0 -1
30 0 241259 6 11 0 10 2 0 1 0 0 40 0 -1
32 0 118161 3 9 0 12 2 0 1 0 0 40 0 -1
29 0 201954 0 13 2 4 3 0 1 0 0 35 0 -1
42 0 150533 1 10 0 4 2 0 1 7298 0 52 0 1
38 0 412296 3 9 1 1 1 0 1 0 0 28 0 -1
41 3 133060 5 12 0 5 2 0 1 0 0 40 0 1
44 1 120539 0 13 2 3 3 0 1 0 0 50 0 1
31 0 196025 13 16 5 5 3 1 1 0 0 60 8 -1
34 0 107793 3 9 1 1 3 0 1 0 0 40 0 -1
21 0 163870 1 10 2 8 1 0 1 0 0 40 0 -1
22 1 361280 0 13 2 5 1 1 1 0 0 20 5 -1
62 0 92178 12 6 0 7 2 0 1 0 0 40 0 -1
19 ? 80710 3 9 2 ? 1 0 0 0 0 40 0 -1
29 2 260729 3 9 0 3 0 0 0 0 1977 25 0 1
43 0 182254 1 10 1 5 5 0 0 0 0 40 0 -1
68 ? 140282 8 4 0 ? 2 0 1 0 0 8 0 -1
45 2 149865 0 13 0 7 2 0 1 0 0 60 0 1
39 2 218184 7 5 0 4 2 0 1 0 1651 40 16 -1
41 0 118619 0 13 0 4 2 4 1 0 0 50 0 -1
34 1 196791 5 12 0 5 0 0 0 0 0 25 0 1
34 4 167999 3 9 1 8 5 0 0 0 0 33 0 -1
31 0 51259 0 13 2 5 3 0 1 0 0 47 0 -1
29 0 131088 3 9 2 6 1 0 1 0 0 25 0 -1
41 0 118212 0 13 0 1 2 0 1 3103 0 40 0 1
41 0 293791 6 11 0 10 2 0 1 0 0 55 0 -1
35 2 289430 10 14 0 3 2 0 1 0 0 45 16 1
33 0 35378 0 13 0 3 0 0 0 0 0 45 0 1
37 5 60227 0 13 2 8 3 0 1 0 0 38 0 -1
69 0 168139 3 9 0 3 0 0 0 0 0 40 0 -1
34 0 290763 3 9 1 6 1 0 0 0 0 40 0 -1
60 2 226355 6 11 0 7 2 0 1 0 2415 70 ? 1
36 0 51100 1 10 0 1 2 0 1 0 0 40 0 -1
41 0 227644 3 9 0 10 2 0 1 0 0 50 0 -1
58 4 205267 0 13 0 5 0 0 0 0 0 40 0 1
53 0 288020 0 13 0 5 2 1 1 0 0 40 6 -1
29 0 140863 1 10 0 0 2 0 1 0 0 40 0 -1
45 3 170915 3 9 1 0 3 0 0 4865 0 40 0 -1
34 5 50178 1 10 0 4 2 0 1 0 0 38 0 -1
36 0 112497 0 13 0 0 2 0 1 0 0 40 0 -1
48 0 95244 1 10 1 2 5 4 0 0 0 35 0 -1
20 0 117606 6 11 2 8 1 0 0 0 0 40 0 -1
35 0 89508 3 9 0 10 2 0 1 0 0 50 0 1
63 3 124244 3 9 4 6 3 4 1 0 0 40 0 -1
41 1 154374 1 10 1 2 5 0 1 0 0 45 0 -1
28 0 294936 0 13 0 5 2 0 1 0 0 45 0 -1
30 0 347132 1 10 2 7 3 4 0 0 0 40 0 -1
34 ? 181934 3 9 1 ? 3 0 0 0 0 40 0 -1
31 0 316672 3 9 2 2 5 0 0 0 0 40 16 -1
37 0 189382 6 11 2 8 1 0 0 0 0 38 0 -1
42 ? 184018 1 10 1 ? 5 0 1 0 0 40 0 -1
31 0 184307 1 10 0 4 2 0 1 0 0 50 15 1
46 1 246212 10 14 0 4 2 0 1 0 0 45 0 1
35 3 250504 3 9 0 8 2 4 1 0 0 60 0 1
27 0 138705 3 9 0 1 2 0 1 0 0 53 0 -1
41 0 328447 11 2 0 1 2 0 1 0 0 35 16 -1
19 0 194608 1 10 2 2 1 0 0 0 0 20 0 -1
20 0 230891 1 10 2 3 3 0 1 0 0 45 0 -1
59 3 212448 3 9 4 3 5 0 0 0 0 40 5 -1
40 0 214010 0 13 2 2 3 0 1 0 0 37 0 -1
56 1 200235 1 10 0 3 2 0 1 0 0 60 0 -1
33 0 354573 10 14 0 5 2 0 1 15024 0 44 0 1
30 2 205733 1 10 2 4 3 0 0 0 0 60 0 -1
46 0 185041 3 9 0 7 2 0 1 0 0 50 0 -1
61 2 84409 3 9 0 4 2 0 1 0 0 35 0 1
50 2 293196 3 9 0 4 2 0 1 7298 0 40 0 1
25 0 241626 3 9 2 2 1 0 1 0 0 30 0 -1
40 0 520586 1 10 1 8 5 0 0 0 0 39 0 -1
24 ? 35633 1 10 2 ? 3 0 1 0 0 40 ? -1
51 0 302847 3 9 0 1 2 0 1 0 0 54 0 -1
43 5 165309 3 9 0 12 2 0 1 0 0 40 0 -1
34 0 117529 1 10 0 9 2 0 1 0 0 54 16 -1
46 0 106092 3 9 0 4 2 0 1 0 0 45 0 1
28 5 445824 10 14 0 5 0 0 0 0 0 50 0 1
26 0 227332 0 13 2 10 5 1 1 0 0 40 ? -1
20 0 275691 3 9 2 6 1 0 1 0 0 28 0 -1
44 0 193459 6 11 0 1 2 0 1 3411 0 40 0 -1
51 0 284329 3 9 4 10 5 0 1 0 0 40 0 -1
33 0 114691 0 13 0 3 2 0 1 0 0 60 0 1
54 0 96062 5 12 0 0 2 0 1 0 0 40 0 1
50 0 133963 0 13 0 5 0 0 0 0 1977 40 0 1
33 0 178506 3 9 1 8 3 4 0 0 0 40 0 -1
65 0 350498 0 13 0 8 2 0 1 10605 0 20 0 1
22 ? 131573 1 10 2 ? 1 0 0 0 0 8 0 -1
88 1 206291 4 15 0 5 2 0 1 0 0 40 0 -1
40 0 182302 3 9 1 10 3 0 1 0 0 40 0 -1
51 0 241346 3 9 1 8 3 0 0 0 0 43 0 -1
50 0 157043 2 7 1 2 3 4 0 0 0 40 0 -1
25 0 404616 10 14 0 9 3 0 1 0 0 99 0 1
20 0 411862 6 11 2 2 3 0 1 0 0 30 0 -1
47 0 183013 3 9 0 2 2 0 1 0 0 40 0 -1
58 ? 169982 1 10 0 ? 2 0 1 0 0 40 0 1
22 0 188544 6 11 2 8 1 0 0 0 0 30 0 -1
50 5 356619 3 9 0 5 2 0 1 0 0 48 0 1
47 0 45857 3 9 2 8 5 0 0 0 0 40 0 -1
24 4 289886 2 7 2 2 3 1 1 0 0 45 0 -1
50 ? 146015 3 9 0 ? 2 0 1 0 0 40 0 1
40 0 216237 0 13 1 4 3 0 0 0 0 45 0 1
36 0 416745 0 13 0 5 2 0 1 0 0 40 0 -1
32 0 202952 3 9 0 8 2 0 1 0 0 40 0 -1
44 0 167725 3 9 0 1 2 0 1 0 0 40 0 -1
51 ? 165637 10 14 0 ? 2 0 1 0 0 40 0 -1
59 3 43280 1 10 2 4 1 4 0 0 0 40 0 -1
65 0 118779 3 9 0 1 2 0 1 0 0 30 0 -1
24 5 191269 0 13 2 8 3 0 0 0 0 65 0 -1
27 4 247507 0 13 2 5 1 0 1 0 0 35 0 -1
51 0 239155 6 11 1 2 3 0 1 0 0 40 0 -1
48 0 182862 1 10 0 1 2 0 1 0 0 40 0 1
39 0 33886 3 9 0 10 2 0 1 0 0 60 0 -1
28 0 444304 0 13 0 0 2 0 1 0 0 40 0 -1
19 0 187161 1 10 2 2 1 0 0 0 0 25 0 -1
49 4 116892 0 13 1 5 3 4 0 0 0 40 0 -1
51 4 176813 5 12 0 5 2 0 1 0 0 60 0 -1
59 0 151616 10 14 0 5 2 0 1 0 0 55 0 -1
18 0 240747 3 9 2 7 1 0 0 0 0 40 19 -1
50 0 75472 3 9 0 1 2 0 1 4386 0 40 ? -1
45 3 320818 3 9 0 8 2 4 1 0 0 80 0 1
30 4 235271 0 13 0 5 2 0 1 0 0 50 0 1
37 0 166497 0 13 1 1 3 0 1 0 0 35 0 -1
44 0 344060 0 13 2 2 3 0 1 0 0 40 0 1
33 0 221196 1 10 0 1 2 4 1 0 0 40 0 -1
61 2 113544 10 14 0 3 2 0 1 0 0 40 0 1
61 4 321117 3 9 0 12 2 0 1 0 0 40 0 -1
38 0 79619 0 13 0 3 2 0 1 0 0 42 0 1
22 ? 42004 1 10 2 ? 1 0 1 0 0 30 0 -1
36 0 135289 3 9 0 7 2 0 1 0 0 45 0 -1
44 2 320984 1 10 0 3 2 0 1 5178 0 60 0 1
37 0 203070 1 10 3 8 1 0 1 0 0 62 0 -1
31 0 32406 1 10 1 1 5 0 0 0 0 20 0 -1
54 0 99185 13 16 0 5 2 0 1 15024 0 45 0 1
20 0 205839 1 10 2 2 1 0 1 0 0 16 0 -1
63 ? 150389 0 13 4 ? 3 0 0 0 0 40 0 1
48 1 243631 1 10 0 1 2 2 1 7688 0 40 0 1
33 ? 163003 3 9 1 ? 3 1 0 0 0 41 8 -1
31 0 231263 0 13 1 4 3 0 1 4650 0 45 0 -1
38 0 200818 4 15 0 5 2 0 1 0 0 40 0 1
45 1 247379 3 9 0 1 2 0 1 0 0 40 0 1
48 0 349151 3 9 0 1 2 0 1 0 0 40 0 -1
53 0 22154 1 10 0 1 2 0 1 0 0 40 0 -1
55 0 176317 3 9 4 8 1 0 0 0 0 40 0 -1
38 0 22245 10 14 0 10 2 0 1 0 0 72 ? 1
29 0 236436 3 9 2 8 3 0 0 0 0 40 0 -1
36 0 354078 0 13 0 5 2 0 1 0 0 60 0 1
42 1 166813 1 10 0 9 2 0 1 0 0 60 0 -1
50 0 358740 3 9 1 8 5 0 0 0 0 40 2 -1
75 1 208426 4 15 0 5 2 0 1 0 0 35 0 -1
46 0 265266 0 13 0 5 2 0 1 0 1902 40 0 1
52 3 31838 3 9 1 8 5 0 0 0 0 40 0 -1
27 0 175034 0 13 2 8 3 0 0 0 0 40 0 -1
43 0 413297 3 9 0 1 2 0 1 0 0 45 0 -1
31 0 106347 2 7 3 2 3 4 0 0 0 42 0 -1
23 0 174754 1 10 2 3 3 0 0 0 0 30 0 -1
34 0 441454 3 9 2 3 3 0 0 0 0 24 0 -1
41 1 209344 3 9 0 3 4 0 0 0 0 40 9 -1
31 0 185732 3 9 2 2 1 0 0 0 0 30 0 -1
42 0 65372 1 10 2 8 1 0 0 0 0 40 0 -1
35 0 33975 10 14 2 5 3 0 1 0 0 45 0 1
55 0 326297 3 9 3 8 3 0 0 0 0 25 0 -1
36 5 194630 3 9 4 4 3 0 0 0 0 40 0 -1
65 1 167414 3 9 0 4 2 0 1 0 0 59 0 1
38 4 165799 1 10 2 2 3 0 1 0 0 12 0 -1
62 0 192866 1 10 4 2 3 0 0 0 0 20 0 -1
54 2 166459 4 15 0 5 2 0 1 99999 0 60 0 1
49 0 148995 3 9 1 8 3 0 1 0 0 40 0 -1
34 0 190040 3 9 0 8 0 0 0 0 0 40 0 -1
32 0 209432 3 9 2 6 1 0 0 0 0 40 0 -1
51 2 229465 10 14 0 4 2 0 1 15024 0 50 0 1
48 1 397466 1 10 0 4 2 0 1 0 0 60 0 -1
30 0 283767 3 9 0 8 2 0 1 0 0 40 ? -1
52 3 202452 3 9 1 8 3 0 0 0 0 43 0 -1
28 1 218555 1 10 2 10 3 0 1 0 1762 40 0 -1
29 0 128604 3 9 0 1 2 1 1 0 0 40 0 -1
38 0 65466 0 13 2 8 3 0 0 0 0 50 0 -1
57 0 141326 3 9 0 3 2 0 1 0 0 50 0 1
43 3 369468 0 13 0 5 2 0 1 0 0 40 0 1
37 5 136137 1 10 3 8 3 0 1 0 0 40 0 -1
30 0 236770 3 9 0 1 2 0 1 0 0 40 0 -1
53 0 89534 3 9 0 10 2 0 1 0 0 48 0 1
69 ? 195779 6 11 4 ? 3 0 0 0 0 1 0 -1
73 0 29778 3 9 4 2 3 0 0 0 0 37 0 -1
22 2 153516 1 10 2 1 1 0 1 0 0 35 0 -1
31 0 163594 3 9 2 3 3 0 0 0 0 45 0 -1
38 0 189623 0 13 0 5 2 0 1 0 1887 40 0 1
50 1 343748 1 10 0 1 2 0 1 0 0 35 0 -1
37 0 387430 1 10 0 8 2 0 1 0 0 37 0 -1
44 4 409505 0 13 1 12 3 0 1 0 0 40 0 -1
47 0 200734 0 13 2 4 5 4 0 0 0 45 0 -1
27 0 115831 1 10 0 2 2 0 1 0 0 40 0 -1
28 0 150296 5 12 2 2 3 0 0 0 0 80 0 -1
25 0 323545 3 9 2 0 3 4 0 0 0 40 0 -1
20 0 232577 1 10 2 2 5 0 0 0 0 40 0 -1
51 4 152754 0 13 0 8 2 0 1 0 0 40 0 1
46 0 129007 0 13 0 3 2 0 1 0 1977 40 0 1
67 0 171584 0 13 0 12 2 0 1 6514 0 7 0 1
47 0 386136 3 9 0 10 2 0 1 0 0 35 0 -1
42 0 342865 3 9 0 3 2 0 1 0 0 40 0 -1
52 0 186785 3 9 2 3 3 0 1 0 1876 50 0 -1
42 3 158926 5 12 1 5 5 1 0 0 0 40 12 1
65 ? 36039 3 9 0 ? 2 0 1 0 0 40 0 1
21 0 164019 1 10 2 9 1 4 1 0 0 10 0 -1
50 0 88926 3 9 0 8 0 0 0 5178 0 40 0 1
46 0 188861 1 10 0 10 2 0 1 0 0 40 0 -1
47 1 370119 0 13 0 3 2 0 1 15024 0 50 0 1
57 0 182062 12 6 0 2 2 0 1 0 0 40 0 -1
37 0 37238 0 13 2 4 3 0 1 0 0 45 0 -1
50 0 421132 3 9 0 1 2 0 1 0 0 40 0 -1
58 ? 178660 9 8 0 ? 2 0 1 0 0 40 0 -1
63 1 795830 11 2 4 2 5 0 0 0 0 30 29 -1
39 0 278403 3 9 0 10 2 0 1 0 0 65 0 -1
46 0 279661 10 14 0 5 2 4 1 0 0 35 0 -1
36 0 113397 3 9 0 6 2 0 1 0 0 40 0 -1
26 0 280093 14 3 0 1 2 0 1 0 1628 50 0 -1
21 0 236696 1 10 2 2 3 0 1 0 0 57 0 -1
41 0 265266 5 12 0 0 2 0 1 0 0 40 0 -1
44 4 34935 1 10 2 2 1 4 1 0 0 40 0 -1
22 0 58222 3 9 0 1 2 0 1 0 0 40 0 -1
29 3 301010 1 10 2 13 3 4 1 0 0 60 0 -1
29 0 419721 3 9 2 2 5 4 0 0 0 40 6 -1
58 2 186791 1 10 0 10 0 0 0 0 0 40 0 1
36 1 180686 4 15 0 5 2 0 1 0 0 50 0 -1
30 0 209103 6 11 0 4 2 0 1 0 0 48 0 -1
37 0 32668 0 13 0 7 2 0 1 0 0 43 0 1
29 0 256956 6 11 2 7 3 0 1 0 0 40 0 -1
26 0 202203 14 3 2 8 1 0 0 0 0 40 16 -1
43 0 85995 3 9 0 3 2 0 1 0 0 45 0 -1
49 0 125421 3 9 0 1 0 0 0 0 0 40 0 1
45 3 283037 0 13 0 4 2 0 1 0 0 40 0 -1
28 0 192932 0 13 2 5 3 0 0 0 0 40 0 -1
20 ? 244689 1 10 2 ? 3 0 0 0 0 25 0 -1
51 0 179646 3 9 1 8 5 0 0 0 0 40 0 -1
32 0 509350 1 10 0 6 2 0 1 0 0 50 4 1
24 0 96279 3 9 2 7 1 0 0 0 0 40 0 -1
35 0 119098 13 16 0 5 2 0 1 7298 0 40 0 1
35 ? 327120 5 12 2 ? 3 0 1 0 0 55 0 -1
41 5 144928 0 13 0 5 2 0 1 0 0 40 0 1
48 0 55237 0 13 0 1 2 0 1 0 0 45 0 1
61 4 101265 3 9 4 8 5 0 0 1471 0 35 0 -1
20 0 114874 1 10 2 8 1 0 1 0 0 30 0 -1
27 0 190525 3 9 2 3 3 0 1 0 0 50 0 1
55 0 121912 1 10 0 10 2 0 1 0 0 24 0 1
39 0 83893 3 9 0 8 2 0 1 0 0 40 0 1
17 ? 138507 12 6 2 ? 1 0 1 0 0 20 0 -1
47 0 256522 3 9 0 6 2 0 1 0 0 40 ? -1
52 0 168381 3 9 4 2 5 1 0 0 0 40 5 1
24 0 293579 3 9 2 3 1 4 0 0 0 20 0 -1
29 0 285290 2 7 2 2 5 4 0 0 0 40 0 -1
25 0 188488 3 9 2 7 4 0 1 0 0 40 0 -1
20 0 324469 1 10 2 7 3 0 0 0 0 40 0 -1
23 0 275244 3 9 2 7 3 4 1 0 0 35 0 -1
57 0 265099 4 15 0 5 2 0 1 0 0 60 0 -1
51 0 146767 6 11 0 5 2 0 1 0 0 40 0 1
33 0 40681 1 10 2 5 3 0 0 3674 0 16 0 -1
39 0 174938 0 13 2 5 3 0 1 0 0 40 0 -1
40 0 240124 3 9 0 4 2 0 1 0 0 40 0 1
71 0 269708 0 13 1 0 1 0 0 2329 0 16 0 -1
38 5 34180 1 10 0 4 2 0 1 0 0 40 0 -1
28 5 225904 4 15 2 5 5 0 1 0 0 40 0 -1
57 0 89392 10 14 5 5 3 0 0 0 0 40 0 -1
47 0 46857 1 10 1 8 3 0 1 0 0 40 0 -1
59 5 105363 3 9 2 8 1 0 1 0 0 40 0 -1
26 0 195105 3 9 2 3 3 3 1 0 0 40 0 -1
35 0 184117 0 13 2 8 1 0 0 0 0 40 0 -1
61 2 134768 0 13 0 4 2 0 1 0 0 50 5 1
17 ? 145886 2 7 2 ? 1 0 0 0 0 30 0 -1
36 0 153078 0 13 0 4 2 1 1 0 0 60 ? 1
62 ? 225652 8 4 0 ? 2 0 1 3411 0 50 0 -1
34 0 467108 1 10 2 5 3 0 1 0 0 50 0 1
32 2 199765 0 13 0 1 2 0 1 7688 0 50 0 1
42 0 173938 3 9 3 3 1 0 0 0 0 40 0 -1
39 0 191161 1 10 0 1 2 0 1 0 0 40 0 -1
58 0 132606 14 3 1 7 3 4 1 0 0 40 0 -1
61 1 30073 3 9 0 9 2 0 1 0 1848 60 0 1
40 0 155190 12 6 2 1 4 4 1 0 0 55 0 -1
31 0 42900 0 13 2 0 3 0 1 0 0 37 0 -1
36 0 191161 3 9 2 3 3 0 1 0 0 50 0 -1
23 0 181820 1 10 2 7 1 0 1 0 0 40 0 -1
33 0 105974 3 9 2 1 3 0 1 0 0 41 0 -1
52 0 146378 3 9 0 1 2 0 1 0 0 40 0 1
22 0 103440 3 9 2 2 3 0 0 0 0 24 0 -1
51 0 203435 1 10 1 3 5 0 0 0 0 40 13 -1
31 3 168312 6 11 2 4 3 0 0 0 0 40 0 -1
49 2 257764 3 9 1 4 5 0 0 0 0 40 0 -1
49 0 171301 3 9 0 7 0 4 0 0 0 40 0 -1
53 3 225339 1 10 4 8 3 4 0 0 0 40 0 -1
52 0 152234 3 9 0 4 2 1 1 99999 0 40 6 1
20 0 444554 12 6 2 6 1 0 1 0 0 40 0 -1
26 0 403788 5 12 2 2 1 4 1 0 0 40 0 -1
61 ? 190997 3 9 0 ? 2 0 1 0 0 6 0 -1
43 0 221550 10 14 2 2 3 0 0 0 0 30 14 -1
46 2 98929 0 13 0 3 2 0 1 0 0 52 0 -1
43 4 169203 6 11 2 8 3 0 0 0 0 35 0 -1
41 0 102332 3 9 1 3 5 4 0 0 0 40 0 -1
44 1 230684 3 9 0 10 2 0 1 0 0 55 0 -1
54 0 449257 3 9 0 9 2 0 1 0 0 40 0 -1
65 0 198766 10 14 0 3 2 0 1 20051 0 40 0 1
32 0 97429 0 13 1 4 5 0 0 0 0 40 4 -1
25 0 208999 1 10 3 8 1 0 1 0 0 40 0 -1
23 0 37072 0 13 2 3 3 0 1 0 0 50 0 -1
25 4 163101 0 13 2 5 3 0 1 0 0 45 0 -1
19 0 119075 1 10 2 6 1 0 1 0 0 50 0 -1
37 1 137314 3 9 0 4 2 0 1 0 0 60 0 -1
45 0 127303 1 10 2 7 1 0 1 0 0 45 0 -1
37 0 349116 3 9 2 3 3 4 1 0 0 44 0 -1
40 1 266324 1 10 1 4 4 0 1 0 1564 70 10 1
19 ? 194095 1 10 2 ? 1 0 1 0 0 40 0 -1
17 0 46496 2 7 2 2 1 0 1 0 0 5 0 -1
27 0 29904 0 13 2 0 3 0 0 0 0 40 0 -1
40 4 289403 8 4 0 1 2 4 1 0 1887 40 ? 1
59 0 226922 3 9 1 3 5 0 0 0 1762 30 0 -1
19 3 234151 3 9 2 8 5 4 0 0 0 40 0 -1
43 0 238287 12 6 2 7 3 4 1 0 0 40 0 -1
42 0 230624 12 6 2 10 5 0 1 0 0 40 0 1
54 0 398212 3 9 0 10 2 4 1 5013 0 40 0 -1
54 1 114758 10 14 0 3 2 0 1 0 0 50 0 -1
51 0 246519 12 6 0 6 2 0 1 2105 0 45 0 -1
50 0 137815 3 9 0 10 2 0 1 0 0 60 0 1
40 0 260696 3 9 2 8 3 0 0 0 0 40 0 -1
55 0 325007 5 12 0 0 2 0 1 0 0 25 0 -1
50 0 113176 3 9 1 8 3 0 0 0 0 40 0 -1
31 0 66815 3 9 0 1 2 0 1 0 0 50 0 -1
42 ? 51795 3 9 1 ? 5 4 0 0 0 32 0 -1
24 0 241523 3 9 0 2 2 0 1 0 0 45 0 1
30 0 30226 2 7 1 3 1 0 1 0 0 40 0 -1
39 4 352628 5 12 0 1 0 0 0 0 0 50 0 1
37 0 143912 3 9 1 10 3 0 1 0 0 50 0 -1
33 0 130021 3 9 0 10 2 0 1 0 0 40 0 -1
48 0 329778 3 9 4 2 5 0 0 0 0 40 0 -1
43 2 196945 3 9 0 2 2 1 1 0 0 78 27 -1
39 0 24342 0 13 0 5 2 0 1 0 0 40 0 1
53 0 34368 1 10 0 4 2 0 1 0 0 45 0 1
52 1 173839 12 6 0 4 2 0 1 0 0 60 0 -1
28 5 73211 1 10 0 8 2 1 1 0 0 20 0 -1
32 0 86723 3 9 2 2 3 0 1 0 0 52 0 -1
31 0 179186 0 13 0 3 2 4 1 0 0 90 0 1
31 0 127610 0 13 0 5 0 0 0 0 0 40 0 1
47 0 115070 1 10 2 8 3 0 0 0 0 40 0 -1
19 ? 172582 1 10 2 ? 1 0 1 0 0 50 0 -1
40 0 256202 6 11 0 6 2 4 1 0 0 40 0 -1
40 0 202872 5 12 2 8 1 0 0 0 0 45 0 -1
41 0 184102 2 7 1 2 3 0 1 0 0 40 0 -1
53 3 130703 3 9 0 8 2 4 1 0 0 40 0 -1
46 0 134727 2 7 1 7 5 2 1 0 0 43 5 -1
45 2 36228 0 13 0 9 2 0 1 4386 0 35 0 1
39 0 297847 7 5 0 2 0 4 0 3411 0 34 0 -1
19 0 213644 3 9 2 7 3 0 1 0 0 40 0 -1
57 0 173796 3 9 0 10 2 0 1 0 1887 40 0 1
49 0 147322 6 11 0 7 0 0 0 0 0 40 30 -1
59 0 296253 3 9 1 4 3 0 0 0 0 40 0 -1
32 0 180871 6 11 1 3 3 0 1 0 0 50 0 1
18 ? 169882 1 10 2 ? 1 0 0 594 0 15 0 -1
35 5 211115 1 10 2 12 3 4 1 0 0 40 0 -1
58 2 183870 12 6 0 10 0 0 0 0 0 40 0 -1
28 0 441620 0 13 2 2 3 0 1 0 0 43 16 -1
36 3 218542 5 12 0 8 0 0 0 0 0 40 0 1
41 1 141327 10 14 1 5 5 0 0 0 0 35 0 -1
47 0 67716 3 9 0 3 2 0 1 0 0 40 0 1
50 2 175339 3 9 0 1 2 0 1 0 1672 60 0 -1
61 ? 347089 3 9 0 ? 2 0 1 0 0 16 0 -1
36 0 336595 3 9 0 4 2 0 1 0 0 50 0 1
38 0 27997 6 11 1 1 3 0 1 0 0 40 0 -1
56 1 145574 3 9 0 2 2 0 1 0 1902 60 0 1
50 0 30447 6 11 0 10 2 0 1 0 0 45 0 -1
45 1 256866 1 10 0 3 2 0 1 5013 0 40 0 -1
44 1 120837 3 9 0 4 2 0 1 0 0 66 0 -1
51 0 185283 1 10 0 4 2 0 1 0 0 45 0 1
44 2 229466 1 10 0 4 2 0 1 0 0 50 0 1
25 0 298225 3 9 1 1 3 0 1 0 0 50 0 -1
60 0 185749 2 7 4 10 5 4 1 0 0 40 0 -1
17 ? 333100 12 6 2 ? 1 0 1 1055 0 30 0 -1
49 2 125892 10 14 0 4 2 0 1 0 0 50 0 1
46 0 563883 3 9 0 1 2 4 1 0 0 60 0 1
56 0 311249 3 9 4 8 5 4 0 0 0 38 0 -1
25 0 221757 3 9 1 1 3 0 1 3325 0 45 0 -1
22 0 310152 1 10 2 10 3 0 1 0 0 40 0 -1
76 ? 211453 3 9 4 ? 3 4 0 0 0 2 0 -1
41 2 94113 4 15 0 5 2 0 1 0 0 60 0 1
48 2 192945 3 9 0 4 2 0 1 7688 0 40 0 1
46 0 161508 12 6 2 7 3 4 1 0 0 40 0 -1
30 0 177675 1 10 2 1 3 0 1 0 0 40 0 1
39 0 51100 3 9 0 10 2 0 1 0 0 40 0 1
40 0 100584 12 6 1 1 3 2 1 0 0 40 0 -1
70 3 163003 3 9 0 8 2 4 1 0 0 40 0 -1
35 0 67728 1 10 0 1 2 0 1 0 2051 45 0 -1
49 0 101320 10 14 1 4 3 0 0 0 0 75 0 -1
24 0 42706 6 11 2 12 3 0 1 0 0 60 0 -1
40 0 228535 5 12 0 5 2 0 1 7298 0 36 0 1
61 0 120939 4 15 0 10 2 0 1 0 0 5 0 1
25 0 98283 0 13 2 5 1 1 1 0 0 40 0 -1
28 4 216481 0 13 2 5 3 0 0 0 0 40 0 -1
69 5 208869 10 14 0 5 2 0 1 0 0 11 0 -1
22 0 207940 1 10 2 6 1 0 0 0 0 36 0 -1
47 0 34248 3 9 0 8 2 0 1 0 0 38 0 -1
38 0 83727 3 9 1 2 5 0 0 0 0 48 0 -1
26 0 183077 6 11 2 8 1 0 0 0 0 40 0 -1
17 0 197850 2 7 2 8 1 1 0 0 0 24 0 -1
33 1 235271 1 10 2 2 3 0 1 0 0 35 0 -1
43 1 35236 3 9 5 1 3 0 1 0 0 40 0 -1
58 0 255822 6 11 0 1 2 0 1 0 0 40 0 1
53 2 263925 3 9 0 3 2 0 1 99999 0 40 0 1
26 0 256263 3 9 2 1 3 0 1 0 0 25 0 -1
43 4 293535 0 13 0 5 2 4 1 0 0 40 0 1
31 0 209448 12 6 0 9 2 0 1 2105 0 40 16 -1
30 0 57651 3 9 2 8 5 0 1 0 2001 42 0 -1
25 0 174592 3 9 2 2 1 0 0 0 0 25 0 -1
57 3 278763 3 9 1 8 5 0 0 0 0 40 0 -1
37 0 175232 10 14 1 4 5 0 1 0 0 60 0 1
32 0 402812 1 10 0 3 2 0 1 0 0 48 0 -1
26 0 101150 3 9 1 4 3 0 0 0 0 41 0 -1
45 0 103538 3 9 0 8 2 0 1 0 0 40 0 1
53 5 156877 3 9 0 8 2 0 1 15024 0 35 0 1
27 0 23940 3 9 2 6 4 2 1 0 0 40 0 -1
28 2 210295 2 7 0 1 2 0 1 0 0 50 0 1
32 0 80058 2 7 1 3 3 0 1 0 0 43 0 1
35 0 187119 0 13 1 3 3 0 0 0 1980 65 0 -1
36 1 105021 1 10 0 4 2 0 1 0 0 55 0 1
19 0 225775 1 10 2 8 3 0 1 0 0 40 0 -1
